-H   0
     1     S         2
    1      5.4471779   0.1562850028
    2      0.8245472   0.9046909809
     1     S         1
    1      0.1831916   1.0000000000
****
-He  0
     1     S         2
    1     13.6267004   0.1752299964
    2      1.9993500   0.8934829831
     1     S         1
    1      0.3829930   1.0000000000
****
-Li  0
     1     S         3
    1     36.8381996   0.0696685985
    2      5.4817200   0.3813459873
    3      1.1132700   0.6817020178
     1         S     2
    1      0.5402050  -0.2631269991
    2      0.1022550   1.1433900595
     1         P     2
    1      0.5402050   0.1615460068
    2      0.1022550   0.9156630039
     1         S     1
    1      0.0285645   1.0000000000
     1         P     1
    1      0.0285645   1.0000000000
****
-Be  0
     1     S         3
    1     71.8876038   0.0644263029
    2     10.7289000   0.3660959899
    3      2.2220500   0.6959339976
     1         S     2
    1      1.2954800  -0.4210639894
    2      0.2688810   1.2240699530
     1         P     2
    1      1.2954800   0.2051319927
    2      0.2688810   0.8825280070
     1         S     1
    1      0.0773501   1.0000000000
     1         P     1
    1      0.0773501   1.0000000000
****
-B   0
     1     S         3
    1    116.4339981   0.0629604980
    2     17.4314003   0.3633039892
    3      3.6801600   0.6972550154
     1         S     2
    1      2.2818699  -0.3686619997
    2      0.4652480   1.1994400024
     1         P     2
    1      2.2818699   0.2311519980
    2      0.4652480   0.8667640090
     1         S     1
    1      0.1243280   1.0000000000
     1         P     1
    1      0.1243280   1.0000000000
****
-C   0
     1     S         3
    1    172.2559967   0.0617669001
    2     25.9109001   0.3587940037
    3      5.5333500   0.7007129788
     1         S     2
    1      3.6649799  -0.3958970010
    2      0.7705450   1.2158399820
     1         P     2
    1      3.6649799   0.2364600003
    2      0.7705450   0.8606190085
     1         S     1
    1      0.1958570   1.0000000000
     1         P     1
    1      0.1958570   1.0000000000
****
-N   0
     1     S         3
    1    242.7660065   0.0598656982
    2     36.4850998   0.3529550135
    3      7.8144898   0.7065129876
     1         S     2
    1      5.4252200  -0.4133009911
    2      1.1491500   1.2244199514
     1         P     2
    1      5.4252200   0.2379720062
    2      1.1491500   0.8589529991
     1         S     1
    1      0.2832050   1.0000000000
     1         P     1
    1      0.2832050   1.0000000000
****
-O   0
     1     S         3
    1    322.0369873   0.0592393987
    2     48.4308014   0.3515000045
    3     10.4205999   0.7076579928
     1         S     2
    1      7.4029398  -0.4044530094
    2      1.5762000   1.2215600014
     1         P     2
    1      7.4029398   0.2445860058
    2      1.5762000   0.8539549708
     1         S     1
    1      0.3736840   1.0000000000
     1         P     1
    1      0.3736840   1.0000000000
****
-F   0
     1     S         3
    1    413.8009949   0.0585483015
    2     62.2445984   0.3493080139
    3     13.4340000   0.7096319795
     1         S     2
    1      9.7775898  -0.4073269963
    2      2.0861700   1.2231400013
     1         P     2
    1      9.7775898   0.2466800064
    2      2.0861700   0.8523210287
     1         S     1
    1      0.4823830   1.0000000000
     1         P     1
    1      0.4823830   1.0000000000
****
-Ne  0
     1     S         3
    1    515.7239990   0.0581430010
    2     77.6538010   0.3479509950
    3     16.8136005   0.7107139826
     1         S     2
    1     12.4829998  -0.4099220037
    2      2.6645100   1.2243100405
     1         P     2
    1     12.4829998   0.2474599928
    2      2.6645100   0.8517429829
     1         S     1
    1      0.6062500   1.0000000000
     1         P     1
    1      0.6062500   1.0000000000
****
-Na  0
     1     S         3
    1    547.6129761   0.0674910992
    2     82.0678024   0.3935050070
    3     17.6917000   0.6656050086
     1         S     3
    1     17.5407009  -0.1119370013
    2      3.7939799   0.2546539903
    3      0.9064410   0.8444169760
     1         P     3
    1     17.5407009   0.1282330006
    2      3.7939799   0.4715330005
    3      0.9064410   0.6042730212
     1         S     2
    1      0.5018240  -0.2196599990
    2      0.0609458   1.0891200304
     1         P     2
    1      0.5018240   0.0090664905
    2      0.0609458   0.9972019792
     1         S     1
    1      0.0244349   1.0000000000
     1         P     1
    1      0.0244349   1.0000000000
****
-Mg  0
     1     S         3
    1    652.8410034   0.0675982013
    2     98.3805008   0.3917779922
    3     21.2996006   0.6666610241
     1         S     3
    1     23.3726997  -0.1102460027
    2      5.1995301   0.1841190010
    3      1.3150800   0.8963990211
     1         P     3
    1     23.3726997   0.1210139990
    2      5.1995301   0.4628100097
    3      1.3150800   0.6069070101
     1         S     2
    1      0.6113490  -0.3611010015
    2      0.1418410   1.2150499821
     1         P     2
    1      0.6113490   0.0242633000
    2      0.1418410   0.9866729975
     1         S     1
    1      0.0464011   1.0000000000
     1         P     1
    1      0.0464011   1.0000000000
****
-Al  0
     1     S         3
    1    775.7369995   0.0668347031
    2    116.9520035   0.3890610039
    3     25.3325996   0.6694679856
     1         S     3
    1     29.4796009  -0.1079019979
    2      6.6331401   0.1462450027
    3      1.7267500   0.9237300158
     1         P     3
    1     29.4796009   0.1175739989
    2      6.6331401   0.4611740112
    3      1.7267500   0.6055349708
     1         S     2
    1      0.9461600  -0.3203270137
    2      0.2025060   1.1841200590
     1         P     2
    1      0.9461600   0.0519382991
    2      0.2025060   0.9726600051
     1         S     1
    1      0.0639088   1.0000000000
     1         P     1
    1      0.0639088   1.0000000000
****
-Si  0
     1     S         3
    1    910.6550293   0.0660822988
    2    137.3359985   0.3862290084
    3     29.7600994   0.6723799706
     1         S     3
    1     36.6716003  -0.1045110002
    2      8.3172903   0.1074099988
    3      2.2164500   0.9514459968
     1         P     3
    1     36.6716003   0.1133550033
    2      8.3172903   0.4575780034
    3      2.2164500   0.6074270010
     1         S     2
    1      1.0791301  -0.3761079907
    2      0.3024220   1.2516499758
     1         P     2
    1      1.0791301   0.0671029985
    2      0.3024220   0.9568830132
     1         S     1
    1      0.0933392   1.0000000000
     1         P     1
    1      0.0933392   1.0000000000
****
-P   0
     1     S         3
    1   1054.9000244   0.0655407012
    2    159.1950073   0.3840360045
    3     34.5303993   0.6745409966
     1         S     3
    1     44.2865982  -0.1021300033
    2     10.1019001   0.0815922022
    3      2.7399700   0.9697880149
     1         P     3
    1     44.2865982   0.1108509973
    2     10.1019001   0.4564949870
    3      2.7399700   0.6069359779
     1         S     2
    1      1.2186500  -0.3714950085
    2      0.3955460   1.2709900141
     1         P     2
    1      1.2186500   0.0915822983
    2      0.3955460   0.9349240065
     1         S     1
    1      0.1228110   1.0000000000
     1         P     1
    1      0.1228110   1.0000000000
****
-S   0
     1     S         3
    1   1210.6199951   0.0650070980
    2    182.7469940   0.3820399940
    3     39.6673012   0.6765450239
     1         S     3
    1     52.2235985  -0.1003099978
    2     11.9629002   0.0650876984
    3      3.2891099   0.9814550281
     1         P     3
    1     52.2235985   0.1096460000
    2     11.9629002   0.4576489925
    3      3.2891099   0.6042609811
     1         S     2
    1      1.2238400  -0.2860890031
    2      0.4573030   1.2280600071
     1         P     2
    1      1.2238400   0.1647769958
    2      0.4573030   0.8708549738
     1         S     1
    1      0.1422690   1.0000000000
     1         P     1
    1      0.1422690   1.0000000000
****
-Cl  0
     1     S         3
    1   1376.4000244   0.0645826980
    2    207.8569946   0.3803629875
    3     45.1553993   0.6781899929
     1         S     3
    1     60.8013992  -0.0987638980
    2     13.9764996   0.0511338003
    3      3.8871000   0.9913370013
     1         P     3
    1     60.8013992   0.1085980013
    2     13.9764996   0.4586820006
    3      3.8871000   0.6019619703
     1         S     2
    1      1.3529900  -0.2224009931
    2      0.5269550   1.1825200319
     1         P     2
    1      1.3529900   0.2192160040
    2      0.5269550   0.8223209977
     1         S     1
    1      0.1667140   1.0000000000
     1         P     1
    1      0.1667140   1.0000000000
****
-Ar  0
     1     S         3
    1   1553.7100000   0.0641707000
    2    234.6780000   0.3787970000
    3     51.0121000   0.6797520000
     1         S     3
    1     70.0453000  -0.0974661000
    2     16.1473000   0.0390569000
    3      4.5349200   0.9999160000
     1         P     3
    1     70.0453000   0.1076190000
    2     16.1473000   0.4595760000
    3      4.5349200   0.6000410000
     1         S     2
    1      1.5420900  -0.1768660000
    2      0.6072670   1.1469000000
     1         P     2
    1      1.5420900   0.2556870000
    2      0.6072670   0.7898420000
     1         S     1
    1      0.1953730   1.0000000000
     1         P     1
    1      0.1953730   1.0000000000
****
-K   0
     1     S         3
    1   1721.1755000   0.0648747000
    2    260.0163300   0.3808593000
    3     56.6245540   0.6773681000
     1         S     3
    1     71.5572000  -0.1093428920
    2     15.4389424   0.1130640320
    3      4.4745510   0.9462575030
     1         P     3
    1     71.5572000   0.1339654250
    2     15.4389424   0.5302672720
    3      4.4745510   0.5117991840
     1         S     3
    1      4.1212753  -0.2699729530
    2      1.1886206   0.3646322560
    3      0.3756738   0.8107532640
     1         P     3
    1      4.1212753   0.0199492229
    2      1.1886206   0.4340213020
    3      0.3756738   0.6453225710
     1         S     2
    1      0.2445766  -0.2688250180
    2      0.0389717   1.1289825600
     1         P     2
    1      0.2445766   0.0003081035
    2      0.0389717   0.9998787160
     1         S     1
    1      0.0160625   1.0000000000
     1         P     1
    1      0.0160625   1.0000000000
****
-Ca  0
     1     S         3
    1   1915.4348000   0.0646237000
    2    289.5332400   0.3798376000
    3     63.1063520   0.6783294000
     1         S     3
    1     80.3974420  -0.1093027800
    2     17.3307503   0.1088995760
    3      5.0836238   0.9492767540
     1         P     3
    1     80.3974420   0.1354331590
    2     17.3307503   0.5372214580
    3      5.0836238   0.5018043830
     1         S     3
    1      4.7822294  -0.2816073770
    2      1.4625579   0.3410510240
    3      0.4792230   0.8381044040
     1         P     3
    1      4.7822294   0.0190092773
    2      1.4625579   0.4360377330
    3      0.4792230   0.6386709260
     1         S     2
    1      0.4396824  -0.2697048570
    2      0.0591304   1.1132927100
     1         P     2
    1      0.4396824   0.0003081105
    2      0.0591304   0.9998964140
     1         S     1
    1      0.0238970   1.0000000000
     1         P     1
    1      0.0238970   1.0000000000
****
-Sc  0
     1     S         3
    1   2119.8874000   0.0644208000
    2    320.4298600   0.3791603000
    3     69.8989280   0.6789629000
     1         S     3
    1     89.7645031  -0.1093837050
    2     19.3850955   0.1050698720
    3      5.7314231   0.9522045460
     1         P     3
    1     89.7645031   0.1363278070
    2     19.3850955   0.5418597840
    3      5.7314231   0.4950550720
     1         S     3
    1      5.4919376  -0.2852107400
    2      1.7437415   0.3241555420
    3      0.5662273   0.8565920530
     1         P     3
    1      5.4919376   0.0176135597
    2      1.7437415   0.4336448240
    3      0.5662273   0.6425506950
     1     D         2
    1      5.7222148   0.2652364480
    2      1.3608495   0.8558605400
     1     D         1
    1      0.3226516   1.0000000000
     1         S     2
    1      0.5168015  -0.2626779800
    2      0.0672140   1.1080789800
     1         P     2
    1      0.5168015   0.0003270567
    2      0.0672140   0.9998935090
     1         S     1
    1      0.0259845   1.0000000000
     1         P     1
    1      0.0259845   1.0000000000
****
-Ti  0
     1     S         3
    1   2335.0198000   0.0642166000
    2    353.0441500   0.3784120000
    3     77.0584520   0.6796813000
     1         S     3
    1     99.5738705  -0.1094719070
    2     21.5467063   0.1019426710
    3      6.4139655   0.9546223770
     1         P     3
    1     99.5738705   0.1372966030
    2     21.5467063   0.5458753480
    3      6.4139655   0.4890680880
     1         S     3
    1      6.2382794  -0.2861371630
    2      1.9961075   0.3218277600
    3      0.6464899   0.8595511000
     1         P     3
    1      6.2382794   0.0192366508
    2      1.9961075   0.4404421590
    3      0.6464899   0.6356195070
     1     D         2
    1      7.0836661   0.2629209950
    2      1.7096341   0.8557720830
     1     D         1
    1      0.4141225   1.0000000000
     1         S     2
    1      0.5732849  -0.2424499990
    2      0.0731194   1.1000746300
     1         P     2
    1      0.5732849   0.0002920158
    2      0.0731194   0.9999066950
     1         S     1
    1      0.0265379   1.0000000000
     1         P     1
    1      0.0265379   1.0000000000
****
-V   0
     1     S         3
    1   2563.8772000   0.0639475000
    2    387.5340400   0.3775940000
    3     84.5982290   0.6805421000
     1         S     3
    1    109.7938210  -0.1098355310
    2     23.7692126   0.1007070390
    3      7.1229614   0.9556327200
     1         P     3
    1    109.7938210   0.1384209690
    2     23.7692126   0.5504894170
    3      7.1229614   0.4824165320
     1         S     3
    1      6.9812040  -0.2884588120
    2      2.2198392   0.3364357000
    3      0.7198030   0.8481903240
     1         P     3
    1      6.9812040   0.0218207543
    2      2.2198392   0.4567615760
    3      0.7198030   0.6186749610
     1     D         2
    1      8.3429169   0.2640620000
    2      2.0329441   0.8539664830
     1     D         1
    1      0.4957115   1.0000000000
     1         S     2
    1      0.6312620  -0.2364898800
    2      0.0800617   1.0977206600
     1         P     2
    1      0.6312620   0.0001899536
    2      0.0800617   0.9999396450
     1         S     1
    1      0.0288649   1.0000000000
     1         P     1
    1      0.0288649   1.0000000000
****
-Cr  0
     1     S         3
    1   2798.2944000   0.0638238000
    2    423.1369600   0.3770840000
    3     92.4388610   0.6809889000
     1         S     3
    1    120.2805620  -0.1177790010
    2     26.0372708   0.1014311230
    3      7.8441725   0.9571981380
     1         P     3
    1    120.2805620   0.1398781830
    2     26.0372708   0.5559834480
    3      7.8441725   0.4748183480
     1         S     3
    1      7.7932756  -0.2888567130
    2      2.4971961   0.3351146840
    3      0.8051419   0.8502480970
     1         P     3
    1      7.7932756   0.0221847092
    2      2.4971961   0.4616249950
    3      0.8051419   0.6145386130
     1     D         2
    1      9.6253386   0.2655959100
    2      2.3622643   0.8521556800
     1     D         1
    1      0.5770944   1.0000000000
     1         S     2
    1      0.7039206  -0.2322507680
    2      0.0861620   1.0936713200
     1         P     2
    1      0.7039206   0.0001799645
    2      0.0861620   0.9999447610
     1         S     1
    1      0.0321988   1.0000000000
     1         P     1
    1      0.0321988   1.0000000000
****
-Mn  0
     1     S         3
    1   3041.6859000   0.0637449000
    2    460.0900600   0.3767490000
    3    100.5957700   0.6812474000
     1         S     3
    1    131.7673140  -0.1102963670
    2     28.5691521   0.0981896336
    3      8.6605011   0.9576594690
     1         P     3
    1    131.7673140   0.1404540160
    2     28.5691521   0.5578022290
    3      8.6605011   0.4715006180
     1         S     3
    1      8.5690807  -0.2917135460
    2      2.7681785   0.3439630140
    3      0.8872882   0.8451974600
     1         P     3
    1      8.5690807   0.0242237888
    2      2.7681785   0.4686597610
    3      0.8872882   0.6074211260
     1     D         2
    1     11.0688390   0.2652718100
    2      2.7307068   0.8517944800
     1     D         1
    1      0.6685095   1.0000000000
     1         S     2
    1      0.7674426  -0.2300038840
    2      0.0920253   1.0914503000
     1         P     2
    1      0.7674426   0.0003078886
    2      0.0920253   0.9999073620
     1         S     1
    1      0.0332649   1.0000000000
     1         P     1
    1      0.0332649   1.0000000000
****
-Fe  0
     1     S         3
    1   3299.1837000   0.0635859000
    2    499.0885600   0.3762016000
    3    109.1613700   0.6817845000
     1         S     3
    1    143.4651730  -0.1105517190
    2     31.1685754   0.0968468092
    3      9.4836124   0.9587974390
     1         P     3
    1    143.4651730   0.1411006120
    2     31.1685754   0.5603873670
    3      9.4836124   0.4676443540
     1         S     3
    1      9.4645649  -0.2920555190
    2      3.1003734   0.3375235920
    3      0.9864930   0.8519416300
     1         P     3
    1      9.4645649   0.0237620130
    2      3.1003734   0.4689112820
    3      0.9864930   0.6083112670
     1     D         2
    1     12.3544893   0.2686109880
    2      3.0556053   0.8492716650
     1     D         1
    1      0.7385909   1.0000000000
     1         S     2
    1      0.8534123  -0.2279441130
    2      0.0988122   1.0882873800
     1         P     2
    1      0.8534123  -0.0004262652
    2      0.0988122   1.0001237600
     1         S     1
    1      0.0364421   1.0000000000
     1         P     1
    1      0.0364421   1.0000000000
****
-Co  0
     1     S         3
    1   3564.7622000   0.0634866000
    2    539.3908500   0.3758181000
    3    118.0448900   0.6821217000
     1         S     3
    1    155.4382480  -0.1109867210
    2     33.8156136   0.0967674161
    3     10.3332342   0.9589921220
     1         P     3
    1    155.4382480   0.1420641590
    2     33.8156136   0.5634438690
    3     10.3332342   0.4630244280
     1         S     3
    1     10.3815241  -0.2922621780
    2      3.3827143   0.3432507280
    3      1.0769538   0.8469634450
     1         P     3
    1     10.3815241   0.0263132605
    2      3.3827143   0.4769170350
    3      1.0769538   0.5991542760
     1     D         2
    1     13.7406980   0.2709549810
    2      3.4089829   0.8473420550
     1     D         1
    1      0.8186410   1.0000000000
     1         S     2
    1      0.9090155  -0.2174599200
    2      0.1050406   1.0849984600
     1         P     2
    1      0.9090155   0.0002284428
    2      0.1050406   0.9999337380
     1         S     1
    1      0.0372566   1.0000000000
     1         P     1
    1      0.0372566   1.0000000000
****
-Ni  0
     1     S         3
    1   3848.0051000   0.0632661000
    2    582.0306900   0.3751710000
    3    127.3674400   0.6828238000
     1         S     3
    1    168.2895830  -0.1111150760
    2     36.6563304   0.0953238011
    3     11.2321236   0.9601612860
     1         P     3
    1    168.2895830   0.1424904900
    2     36.6563304   0.5655469960
    3     11.2321236   0.4599925870
     1         S     3
    1     11.3587731  -0.2920603920
    2      3.7388462   0.3375407230
    3      1.1824627   0.8525329810
     1         P     3
    1     11.3587731   0.0261376246
    2      3.7388462   0.4765979970
    3      1.1824627   0.6003798420
     1     D         2
    1     15.2206940   0.2726059660
    2      3.7860201   0.8459279070
     1     D         1
    1      0.9045574   1.0000000000
     1         S     2
    1      0.9889038  -0.2136872210
    2      0.1110250   1.0819328800
     1         P     2
    1      0.9889038   0.0002943514
    2      0.1110250   0.9999170230
     1         S     1
    1      0.0392582   1.0000000000
     1         P     1
    1      0.0392582   1.0000000000
****
-Cu  0
     1     S         3
    1   4134.3022000   0.0631878000
    2    625.4912200   0.3748448000
    3    136.9555600   0.6831002000
     1         S     3
    1    181.4960330  -0.1113198390
    2     39.5743119   0.0944867891
    3     12.1624638   0.9608790190
     1         P     3
    1    181.4960330   0.1430844430
    2     39.5743119   0.5677561010
    3     12.1624638   0.4567141080
     1         S     3
    1     12.3511149  -0.2922230630
    2      4.0496510   0.3429908580
    3      1.2792254   0.8479462670
     1         P     3
    1     12.3511149   0.0277271354
    2      4.0496510   0.4835244180
    3      1.2792254   0.5929778750
     1     D         2
    1     16.7593760   0.2741125480
    2      4.1789769   0.8446244860
     1     D         1
    1      0.9943270   1.0000000000
     1         S     2
    1      1.0482999  -0.2054980900
    2      0.1171180   1.0791586400
     1         P     2
    1      1.0482999   0.0001984900
    2      0.1171180   0.9999443280
     1         S     1
    1      0.0405450   1.0000000000
     1         P     1
    1      0.0405450   1.0000000000
****
-Zn  0
     1     S         3
    1   4432.2885000   0.0630928000
    2    670.6601200   0.3745038000
    3    146.9024500   0.6834160000
     1         S     3
    1    195.0041870  -0.1116283370
    2     42.5688915   0.0943355284
    3     13.1214345   0.9611002470
     1         P     3
    1    195.0041870   0.1438054630
    2     42.5688915   0.5700018770
    3     13.1214345   0.4533118550
     1         S     3
    1     13.4023055  -0.2917811140
    2      4.3999064   0.3426145480
    3      1.3851476   0.8482839840
     1         P     3
    1     13.4023055   0.0287052823
    2      4.3999064   0.4862514670
    3      1.3851476   0.5902352520
     1     D         2
    1     18.3682020   0.2753856310
    2      4.5913041   0.8434772900
     1     D         1
    1      1.0902026   1.0000000000
     1         S     2
    1      1.1215580  -0.2023706260
    2      0.1229436   1.0770347800
     1         P     2
    1      1.1215580   0.0003440941
    2      0.1229436   0.9999052840
     1         S     1
    1      0.0421933   1.0000000000
     1         P     1
    1      0.0421933   1.0000000000
****
-Ga  0
     1     S         3
    1   4751.8979000   0.0628396000
    2    718.9205400   0.3736112000
    3    157.4459200   0.6843626000
     1         S     3
    1    209.5834380  -0.1115161570
    2     45.6917133   0.0926963638
    3     14.1329688   0.9622870570
     1         P     3
    1    209.5834380   0.1442658400
    2     45.6917133   0.5731775200
    3     14.1329688   0.4490857770
     1         S     3
    1     14.5995390   0.2910292410
    2      4.8608421  -0.3231875870
    3      1.5491107  -0.8643910510
     1         P     3
    1     14.5995390   0.0265618596
    2      4.8608421   0.4833136630
    3      1.5491107   0.5924303820
     1     D         3
    1     21.2925300   0.1619895000
    2      5.3931662   0.5116739000
    3      1.3338828   0.5898732000
     1         S     2
    1      1.2679428  -0.2851306300
    2      0.1883995   1.1280220600
     1         P     2
    1      1.2679428   0.0301834640
    2      0.1883995   0.9884658280
     1         S     1
    1      0.0572368   1.0000000000
     1         P     1
    1      0.0572368   1.0000000000
****
-Ge  0
     1     S         3
    1   5073.7499000   0.0627249000
    2    767.7241700   0.3731671000
    3    168.1888100   0.6847867000
     1         S     3
    1    224.4360270  -0.1115149850
    2     48.9554285   0.0912002136
    3     15.1837051   0.9634490850
     1         P     3
    1    224.4360270   0.1446395310
    2     48.9554285   0.5753795620
    3     15.1837051   0.4459948610
     1         S     3
    1     15.9125715  -0.2895652280
    2      5.4414368   0.2938828280
    3      1.7426032   0.8891993230
     1         P     3
    1     15.9125715   0.0229730216
    2      5.4414368   0.4732446590
    3      1.7426032   0.6032778980
     1     D         3
    1     24.3214210   0.1577985000
    2      6.2238135   0.5114922000
    3      1.5887375   0.5857703000
     1         S     2
    1      1.4665385  -0.3967339050
    2      0.2630934   1.1906698400
     1         P     2
    1      1.4665385   0.0278929400
    2      0.2630934   0.9874900940
     1         S     1
    1      0.0848207   1.0000000000
     1         P     1
    1      0.0848207   1.0000000000
****
-As  0
     1     S         3
    1   5407.6138000   0.0626011000
    2    818.1743600   0.3727790000
    3    179.2656900   0.6851842000
     1         S     3
    1    237.7782880  -0.1128384290
    2     54.2566227   0.0872274379
    3     16.3280291   0.9681882750
     1         P     3
    1    237.7782880   0.1496797750
    2     54.2566227   0.5623222650
    3     16.3280291   0.4593234970
     1         S     3
    1     17.1018532  -0.2914536780
    2      5.8051441   0.2969618920
    3      1.9020842   0.8865791040
     1         P     3
    1     17.1018532   0.0256855918
    2      5.8051441   0.4833968070
    3      1.9020842   0.5887853960
     1     D         3
    1     27.4372090   0.1544952000
    2      7.0840440   0.5114318000
    3      1.8558226   0.5821935000
     1         S     2
    1      1.6754036  -0.5057609640
    2      0.3416557   1.2517645200
     1         P     2
    1      1.6754036   0.0252824660
    2      0.3416557   0.9874328360
     1         S     1
    1      0.1136303   1.0000000000
     1         P     1
    1      0.1136303   1.0000000000
****
-Se  0
     1     S         3
    1   5751.3215000   0.0624934000
    2    870.2572100   0.3723683000
    3    190.7294900   0.6855799000
     1         S     3
    1    255.0163960  -0.1119076330
    2     55.5765398   0.0909993581
    3     17.3566122   0.9636681740
     1         P     3
    1    255.0163960   0.1461488110
    2     55.5765398   0.5813713920
    3     17.3566122   0.4374597450
     1         S     3
    1     18.4456756  -0.2917925090
    2      6.3287587   0.2846211840
    3      2.0967576   0.8973051930
     1         P     3
    1     18.4456756   0.0244214097
    2      6.3287587   0.4833648280
    3      2.0967576   0.5879038050
     1     D         3
    1     30.6274640   0.1519858000
    2      7.9712764   0.5116403000
    3      2.1348097   0.5786936000
     1         S     2
    1      1.8726333  -0.5677638750
    2      0.4174736   1.2941266200
     1         P     2
    1      1.8726333   0.0282554850
    2      0.4174736   0.9849059640
     1         S     1
    1      0.1370907   1.0000000000
     1         P     1
    1      0.1370907   1.0000000000
****
-Br  0
     1     S         3
    1   6103.2899000   0.0624175000
    2    923.6974300   0.3720414000
    3    202.5203100   0.6858728000
     1         S     3
    1    270.6015060  -0.1121487000
    2     58.2535743   0.0931445093
    3     18.4693267   0.9616793740
     1         P     3
    1    270.6015060   0.1477513840
    2     58.2535743   0.6010556940
    3     18.4693267   0.4128703850
     1         S     3
    1     19.7614258  -0.2938703890
    2      6.8217518   0.2802663020
    3      2.2916288   0.9020357110
     1         P     3
    1     19.7614258   0.0250070852
    2      6.8217518   0.4866098020
    3      2.2916288   0.5824233510
     1     D         3
    1     33.9650970   0.1496666000
    2      8.9008312   0.5117475000
    3      2.4284360   0.5759148000
     1         S     2
    1      2.1312056  -0.6518030650
    2      0.4993537   1.3360121800
     1         P     2
    1      2.1312056   0.0287083340
    2      0.4993537   0.9840695390
     1         S     1
    1      0.1647637   1.0000000000
     1         P     1
    1      0.1647637   1.0000000000
****
-Kr  0
     1     S         3
    1   6446.6307000   0.0625398000
    2    976.8757000   0.3721075000
    3    214.4795500   0.6856107000
     1         S     3
    1    287.6446250  -0.1120607140
    2     62.6200873   0.0901391327
    3     19.6917438   0.9643301110
     1         P     3
    1    287.6446250   0.1475279020
    2     62.6200873   0.5868918500
    3     19.6917438   0.4295067730
     1         S     3
    1     21.1232128  -0.2958173240
    2      7.3032855   0.2792166830
    3      2.4888499   0.9037303050
     1         P     3
    1     21.1232128   0.0260695487
    2      7.3032855   0.4922497550
    3      2.4888499   0.5742737490
     1     D         3
    1     37.3681030   0.1479466000
    2      9.8543131   0.5121719000
    3      2.7327955   0.5729498000
     1         S     2
    1      2.3613738  -0.7202454230
    2      0.5860160   1.3768460100
     1         P     2
    1      2.3613738   0.0287751776
    2      0.5860160   0.9833390700
     1         S     1
    1      0.1944473   1.0000000000
     1         P     1
    1      0.1944473   1.0000000000
****
-Rb  0
     1     S         3
    1   6816.7225000   0.0624962000
    2   1033.0007000   0.3719500000
    3    226.9086100   0.6857293000
     1         S     3
    1    304.1283190  -0.1123296170
    2     66.2605803   0.0907508024
    3     20.9194473   0.9639409910
     1         P     3
    1    304.1283190   0.1484408890
    2     66.2605803   0.5891247430
    3     20.9194473   0.4258251260
     1         S     3
    1     22.4653255  -0.3004849970
    2      7.8774684   0.2783565750
    3      2.7052713   0.9076098970
     1         P     3
    1     22.4653255   0.0244540956
    2      7.8774684   0.4944538490
    3      2.7052713   0.5718567160
     1     D         3
    1     40.8660310   0.1466037000
    2     10.8408850   0.5127252000
    3      3.0508341   0.5699804000
     1         S     3
    1      2.6921157  -0.3311623420
    2      0.7230563   0.5096991340
    3      0.2598383   0.6982461430
     1         P     3
    1      2.6921157   0.0119005056
    2      0.7230563   0.4951731450
    3      0.2598383   0.5737244150
     1         S     2
    1      0.1897140  -0.2711927260
    2      0.0339973   1.1415495000
     1         P     2
    1      0.1897140   0.0003081009
    2      0.0339973   0.9998653830
     1         S     1
    1      0.0147123   1.0000000000
     1         P     1
    1      0.0147123   1.0000000000
****
-Sr  0
     1     S         3
    1   7215.4735000   0.0622818000
    2   1092.8519000   0.3713101000
    3    239.9818200   0.6864439000
     1         S     3
    1    322.1245830  -0.1122353180
    2     70.0904594   0.0895435987
    3     22.1764063   0.9648134630
     1         P     3
    1    322.1245830   0.1488368390
    2     70.0904594   0.5919465650
    3     22.1764063   0.4221715150
     1         S     3
    1     23.9276306  -0.3024718120
    2      8.4751138   0.2700840890
    3      2.9429341   0.9159199870
     1         P     3
    1     23.9276306   0.0248369750
    2      8.4751138   0.4934775080
    3      2.9429341   0.5709829250
     1     D         3
    1     44.5661150   0.1451271000
    2     11.8814890   0.5130677000
    3      3.3875579   0.5676640000
     1         S     3
    1      2.9409664  -0.3519845980
    2      0.8523559   0.4972545550
    3      0.3215375   0.7238597820
     1         P     3
    1      2.9409664   0.0097233355
    2      0.8523559   0.4983219640
    3      0.3215375   0.5650561210
     1         S     2
    1      0.3480419  -0.2851468340
    2      0.0481771   1.1209392500
     1         P     2
    1      0.3480419   0.0003081096
    2      0.0481771   0.9998935360
     1         S     1
    1      0.0218034   1.0000000000
     1         P     1
    1      0.0218034   1.0000000000
****
-Y   0
     1     S         3
    1   7646.4210000   0.0618905000
    2   1156.8626000   0.3702068000
    3    253.7151800   0.6877560000
     1         S     3
    1    341.8539800  -0.1119000560
    2     74.2098604   0.0868052358
    3     23.5135204   0.9667846670
     1         P     3
    1    341.8539800   0.1485716600
    2     74.2098604   0.5943066510
    3     23.5135204   0.4196039560
     1         S     3
    1     18.8626039  -1.4778733000
    2     16.4540520   1.3472587500
    3      3.4844995   1.0062307800
     1         P     3
    1     18.8626039  -0.7041406640
    2     16.4540520   1.0578616200
    3      3.4844995   0.7393821370
     1     D         3
    1     50.3537530   0.1367956000
    2     13.5307800   0.5019062000
    3      3.9449960   0.5788598000
     1         S     3
    1      3.2217327  -0.3699579710
    2      1.0507047   0.4308638620
    3      0.3925923   0.8020873680
     1         P     3
    1      3.2217327   0.0024944348
    2      1.0507047   0.4537622900
    3      0.3925923   0.6130678520
     1     D         2
    1      1.5301374   0.3384032640
    2      0.6300673   0.7293289460
     1     D         1
    1      0.2165884   1.0000000000
     1         S     2
    1      0.4327637  -0.3464582060
    2      0.0570122   1.1327766200
     1         P     2
    1      0.4327637  -0.0013365591
    2      0.0570122   1.0004396000
     1         S     1
    1      0.0237537   1.0000000000
     1         P     1
    1      0.0237537   1.0000000000
****
-Zr  0
     1     S         3
    1   8084.5919000   0.0615776000
    2   1221.6678000   0.3693989000
    3    267.6917300   0.6887280000
     1         S     3
    1    361.0211930  -0.1119067180
    2     78.3049480   0.0858399266
    3     24.8452292   0.9675130220
     1         P     3
    1    361.0211930   0.1487616110
    2     78.3049480   0.5965690000
    3     24.8452292   0.4167848770
     1         S     3
    1     20.0062770  -1.5443486200
    2     17.5741464   1.4095960400
    3      3.7429851   1.0093492500
     1         P     3
    1     20.0062770  -0.7568479790
    2     17.5741464   1.1120900600
    3      3.7429851   0.7368023790
     1     D         3
    1     54.7232320   0.1348240000
    2     14.7741640   0.5005544000
    3      4.3589612   0.5787823000
     1         S     3
    1      3.5547884  -0.3793873090
    2      1.1789924   0.4232847260
    3      0.4446966   0.8140675620
     1         P     3
    1      3.5547884   0.0025994548
    2      1.1789924   0.4599758040
    3      0.4446966   0.6058485070
     1     D         2
    1      1.8628424   0.2850320290
    2      0.6433135   0.7972073720
     1     D         1
    1      0.1993954   1.0000000000
     1         S     2
    1      0.5050488  -0.3295117820
    2      0.0621161   1.1207094500
     1         P     2
    1      0.5050488  -0.0012489300
    2      0.0621161   1.0003843400
     1         S     1
    1      0.0255796   1.0000000000
     1         P     1
    1      0.0255796   1.0000000000
****
-Nb  0
     1     S         3
    1   8466.5173000   0.0618038000
    2   1281.2611000   0.3698049000
    3    281.2310800   0.6880795000
     1         S     3
    1    379.4728780  -0.1121062840
    2     82.3358879   0.0865027852
    3     26.2224755   0.9670573780
     1         P     3
    1    379.4728780   0.1496673750
    2     82.3358879   0.5987182130
    3     26.2224755   0.4132381990
     1         S     3
    1     21.1629450  -1.5551305400
    2     18.5897826   1.4179387600
    3      4.0099810   1.0106199100
     1         P     3
    1     21.1629450  -0.7554622410
    2     18.5897826   1.1139662600
    3      4.0099810   0.7327671520
     1     D         3
    1     59.0121870   0.1337104000
    2     16.0127900   0.5000390000
    3      4.7771846   0.5775384000
     1         S     3
    1      3.8363751  -0.3891037460
    2      1.3033252   0.4349695850
    3      0.4934306   0.8115898930
     1         P     3
    1      3.8363751   0.0032903469
    2      1.3033252   0.4716450750
    3      0.4934306   0.5936990060
     1     D         2
    1      1.9704434   0.3106809000
    2      0.6619347   0.7800691410
     1     D         1
    1      0.2059972   1.0000000000
     1         S     2
    1      0.5723734  -0.3156093570
    2      0.0682032   1.1140470200
     1         P     2
    1      0.5723734  -0.0011330179
    2      0.0682032   1.0003380600
     1         S     1
    1      0.0271572   1.0000000000
     1         P     1
    1      0.0271572   1.0000000000
****
-Mo  0
     1     S         3
    1   8899.4911000   0.0617064000
    2   1346.7637000   0.3694536000
    3    295.6351900   0.6884343000
     1         S     3
    1    399.3138770  -0.1121440250
    2     86.5935580   0.0860114835
    3     27.6390393   0.9674334850
     1         P     3
    1    399.3138770   0.1500665160
    2     86.5935580   0.6007695370
    3     27.6390393   0.4103864710
     1         S     3
    1     22.5029154  -1.4223064400
    2     19.4917089   1.2841846200
    3      4.2781803   1.0108662300
     1         P     3
    1     22.5029154  -0.6680660680
    2     19.4917089   1.0303456200
    3      4.2781803   0.7283479900
     1     D         3
    1     63.7804470   0.1317388000
    2     17.3735760   0.4985316000
    3      5.2307839   0.5781775000
     1         S     3
    1      4.1630207  -0.3964232510
    2      1.4353054   0.4370791900
    3      0.5437821   0.8148461600
     1         P     3
    1      4.1630207   0.0029626295
    2      1.4353054   0.4791471370
    3      0.5437821   0.5864869050
     1     D         2
    1      2.2709367   0.3112644110
    2      0.7546530   0.7810341740
     1     D         1
    1      0.2351422   1.0000000000
     1         S     2
    1      0.6318014  -0.3033617370
    2      0.0732579   1.1084134900
     1         P     2
    1      0.6318014  -0.0010791332
    2      0.0732579   1.0003134300
     1         S     1
    1      0.0280251   1.0000000000
     1         P     1
    1      0.0280251   1.0000000000
****
-Tc  0
     1     S         3
    1   9329.4819000   0.0617119000
    2   1412.5057000   0.3693370000
    3    310.2643400   0.6884724000
     1         S     3
    1    418.8175390  -0.1124024540
    2     91.2507812   0.0853181631
    3     29.1121172   0.9681773900
     1         P     3
    1    418.8175390   0.1500718580
    2     91.2507812   0.6000567120
    3     29.1121172   0.4109855670
     1         S     3
    1     25.9106419  -1.3804462800
    2     23.2676975   1.1978996700
    3      4.7070831   1.0526490600
     1         P     3
    1     25.9106419  -1.6552713100
    2     23.2676975   1.9860204600
    3      4.7070831   0.7290338920
     1     D         3
    1     68.7837490   0.1296930000
    2     18.8038950   0.4966191000
    3      5.7052280   0.5795466000
     1         S     3
    1      4.4411379  -0.4041144310
    2      1.5956394   0.4398378540
    3      0.5955598   0.8219360040
     1         P     3
    1      4.4411379   0.0122906202
    2      1.5956394   0.4632067050
    3      0.5955598   0.5983825810
     1     D         2
    1      2.5991639   0.3092194710
    2      0.8622757   0.7829056330
     1     D         1
    1      0.2706073   1.0000000000
     1         S     2
    1      0.6738812  -0.2700027950
    2      0.0772407   1.0991502100
     1         P     2
    1      0.6738812  -0.0009197676
    2      0.0772407   1.0002641700
     1         S     1
    1      0.0286956   1.0000000000
     1         P     1
    1      0.0286956   1.0000000000
****
-Ru  0
     1     S         3
    1   9786.1615000   0.0616052000
    2   1481.4768000   0.3689816000
    3    325.4122300   0.6888451000
     1         S     3
    1    439.8665150  -0.1123912090
    2     95.7627348   0.0846944941
    3     30.6056586   0.9686379150
     1         P     3
    1    439.8665150   0.1503790650
    2     95.7627348   0.6019294290
    3     30.6056586   0.4084639320
     1         S     3
    1     27.2773725  -1.3955529900
    2     24.5108169   1.2108518500
    3      5.0089455   1.0540451000
     1         P     3
    1     27.2773725  -1.6686177800
    2     24.5108169   2.0027988800
    3      5.0089455   0.7251435110
     1     D         3
    1     73.9832990   0.1277598000
    2     20.2814890   0.4951474000
    3      6.1942981   0.5806552000
     1         S     3
    1      4.7658117  -0.4103626530
    2      1.7345313   0.4480025070
    3      0.6466355   0.8198082860
     1         P     3
    1      4.7658117   0.0112741734
    2      1.7345313   0.4727032430
    3      0.6466355   0.5898430220
     1     D         2
    1      2.8891076   0.3159938030
    2      0.9539610   0.7780655610
     1     D         1
    1      0.2958807   1.0000000000
     1         S     2
    1      0.7406620  -0.2639655050
    2      0.0821710   1.0948570300
     1         P     2
    1      0.7406620  -0.0007620441
    2      0.0821710   1.0002119100
     1         S     1
    1      0.0300966   1.0000000000
     1         P     1
    1      0.0300966   1.0000000000
****
-Rh  0
     1     S         3
    1  10217.7140000   0.0617324000
    2   1548.4116000   0.3691533000
    3    340.4990300   0.6885138000
     1         S     3
    1    460.7592610  -0.1124461020
    2    100.3289400   0.0843811298
    3     32.1397135   0.9689016190
     1         P     3
    1    460.7592610   0.1508582420
    2    100.3289400   0.6035138860
    3     32.1397135   0.4060249090
     1         S     3
    1     28.7932856  -1.4040909000
    2     25.9176847   1.2161688300
    3      5.3206404   1.0565553100
     1         P     3
    1     28.7932856  -1.7122182800
    2     25.9176847   2.0476033800
    3      5.3206404   0.7229831260
     1     D         3
    1     79.2559730   0.1261896000
    2     21.7894540   0.4939541000
    3      6.6975181   0.5813296000
     1         S     3
    1      5.1097483  -0.4126468680
    2      1.8754143   0.4518853330
    3      0.6995578   0.8188988960
     1         P     3
    1      5.1097483   0.0093740639
    2      1.8754143   0.4815543740
    3      0.6995578   0.5822312360
     1     D         2
    1      3.1909083   0.3210399280
    2      1.0545752   0.7738518430
     1     D         1
    1      0.3260791   1.0000000000
     1         S     2
    1      0.8005711  -0.2553480030
    2      0.0873213   1.0913081100
     1         P     2
    1      0.8005711  -0.0007759711
    2      0.0873213   1.0002121300
     1         S     1
    1      0.0314069   1.0000000000
     1         P     1
    1      0.0314069   1.0000000000
****
-Pd  0
     1     S         3
    1  10728.7400000   0.0614295000
    2   1624.0739000   0.3683282000
    3    356.7937500   0.6895025000
     1         S     3
    1    482.4782940  -0.1126789240
    2    105.0589550   0.0846119657
    3     33.6814534   0.9687867880
     1         P     3
    1    482.4782940   0.1510792640
    2    105.0589550   0.6050916460
    3     33.6814534   0.4039803790
     1         S     3
    1     30.1865425  -1.4185468600
    2     27.1664158   1.2294436700
    3      5.6359339   1.0570825500
     1         P     3
    1     30.1865425  -1.7098171600
    2     27.1664158   2.0493075500
    3      5.6359339   0.7186295740
     1     D         3
    1     84.2369060   0.1256429000
    2     23.2491860   0.4937201000
    3      7.1967604   0.5803431000
     1         S     3
    1      5.4753739  -0.4172610320
    2      1.9976043   0.4705878120
    3      0.7439302   0.8046363110
     1         P     3
    1      5.4753739   0.0115839125
    2      1.9976043   0.4974547530
    3      0.7439302   0.5655272390
     1     D         2
    1      3.4730767   0.3281542780
    2      1.1480497   0.7680266920
     1     D         1
    1      0.3548106   1.0000000000
     1         S     2
    1      0.8901632  -0.2784323870
    2      0.0928209   1.0930277400
     1         P     2
    1      0.8901632  -0.0012715804
    2      0.0928209   1.0003318700
     1         S     1
    1      0.0337739   1.0000000000
     1         P     1
    1      0.0337739   1.0000000000
****
-Ag  0
     1     S         3
    1  11190.7840000   0.0614948000
    2   1695.0770000   0.3684053000
    3    372.6751700   0.6893247000
     1         S     3
    1    504.6162050  -0.1126576630
    2    109.8718020   0.0840278435
    3     35.2951340   0.9692344310
     1         P     3
    1    504.6162050   0.1514798020
    2    109.8718020   0.6065141580
    3     35.2951340   0.4018302360
     1         S     3
    1     31.5687734  -1.4220275400
    2     28.3439706   1.2340982000
    3      5.9451274   1.0556831700
     1         P     3
    1     31.5687734  -1.6733656600
    2     28.3439706   2.0189756500
    3      5.9451274   0.7126888940
     1     D         3
    1     89.9333490   0.1240159000
    2     24.8749580   0.4923831000
    3      7.7381914   0.5814968000
     1         S     3
    1      5.8002558  -0.4196170530
    2      2.1272564   0.4843500930
    3      0.7935512   0.7952035150
     1         P     3
    1      5.8002558   0.0143041032
    2      2.1272564   0.5071942950
    3      0.7935512   0.5539736310
     1     D         2
    1      3.7965567   0.3314258950
    2      1.2566443   0.7651634120
     1     D         1
    1      0.3881333   1.0000000000
     1         S     2
    1      0.9285445  -0.2523005090
    2      0.0972547   1.0873919300
     1         P     2
    1      0.9285445  -0.0014807114
    2      0.0972547   1.0003880500
     1         S     1
    1      0.0349329   1.0000000000
     1         P     1
    1      0.0349329   1.0000000000
****
-Cd  0
     1     S         3
    1  11686.0860000   0.0614265000
    2   1770.1114000   0.3681567000
    3    389.2089900   0.6895722000
     1         S     3
    1    527.6003770  -0.1125924770
    2    114.8328770   0.0832696320
    3     36.9582931   0.9697978090
     1         P     3
    1    527.6003770   0.1518050990
    2    114.8328770   0.6077597690
    3     36.9582931   0.3999631560
     1         S     3
    1     33.0154821  -1.4064710300
    2     29.5454301   1.2181562700
    3      6.2785076   1.0555203100
     1         P     3
    1     33.0154821  -1.6090236700
    2     29.5454301   1.9595675300
    3      6.2785076   0.7080270620
     1     D         3
    1     95.4727430   0.1230828000
    2     26.4819590   0.4916768000
    3      8.2828858   0.5815408000
     1         S     3
    1      6.1505963  -0.4229209280
    2      2.2597461   0.4987714470
    3      0.8414261   0.7850754940
     1         P     3
    1      6.1505963   0.0144822945
    2      2.2597461   0.5186611160
    3      0.8414261   0.5426657760
     1     D         2
    1      4.0821413   0.3379409540
    2      1.3572792   0.7591678870
     1     D         1
    1      0.4208308   1.0000000000
     1         S     2
    1      0.9490686  -0.2215546840
    2      0.1014878   1.0809444500
     1         P     2
    1      0.9490686  -0.0015402658
    2      0.1014878   1.0004122000
     1         S     1
    1      0.0359873   1.0000000000
     1         P     1
    1      0.0359873   1.0000000000
****
-In  0
     1     S         3
    1  12214.5470000   0.0612476000
    2   1848.9136000   0.3676754000
    3    406.3683300   0.6901359000
     1         S     3
    1    550.4422550  -0.1127094330
    2    119.7743540   0.0834434953
    3     38.6692695   0.9696880360
     1         P     3
    1    550.4422550   0.1523702990
    2    119.7743540   0.6096507530
    3     38.6692695   0.3970249500
     1         S     3
    1     47.0293132  -0.2758954250
    2     22.4964235   0.0597734815
    3      6.6971170   1.0821475400
     1         P     3
    1     47.0293132  -0.1408484750
    2     22.4964235   0.5290866940
    3      6.6971170   0.6620681110
     1     D         3
    1    102.1735600   0.1205559000
    2     28.3946320   0.4884976000
    3      8.9248045   0.5850190000
     1         S     3
    1      6.5723604  -0.4284830560
    2      2.5021576   0.4633643610
    3      0.9420246   0.8219679320
     1         P     3
    1      6.5723604   0.0109130462
    2      2.5021576   0.5036758870
    3      0.9420246   0.5581808650
     1     D         3
    1      4.5353637   0.2508574000
    2      1.5371481   0.5693113000
    3      0.4994923   0.3840635000
     1         S     2
    1      1.0012214  -0.4364171950
    2      0.1659704   1.1898934800
     1         P     2
    1      1.0012214   0.0231633351
    2      0.1659704   0.9903308880
     1         S     1
    1      0.0543397   1.0000000000
     1         P     1
    1      0.0543397   1.0000000000
****
-Sn  0
     1     S         3
    1  12741.6740000   0.0611353000
    2   1928.4692000   0.3672929000
    3    423.8079700   0.6905447000
     1         S     3
    1    574.2875030  -0.1127462410
    2    124.9536520   0.0828634731
    3     40.3957589   0.9701504520
     1         P     3
    1    574.2875030   0.1525797960
    2    124.9536520   0.6110105890
    3     40.3957589   0.3951548540
     1         S     3
    1     48.8066191  -0.2824533580
    2     23.8358811   0.0660559473
    3      7.0482955   1.0819872600
     1         P     3
    1     48.8066191  -0.1509627540
    2     23.8358811   0.5399677290
    3      7.0482955   0.6604823110
     1     D         3
    1    108.0563000   0.1198237000
    2     30.1315760   0.4875910000
    3      9.5300359   0.5849874000
     1         S     3
    1      6.9733775  -0.4340355840
    2      2.6930396   0.4610285880
    3      1.0259576   0.8285579380
     1         P     3
    1      6.9733775   0.0119512986
    2      2.6930396   0.5067194520
    3      1.0259576   0.5529105830
     1     D         3
    1      4.9626098   0.2529487000
    2      1.7120829   0.5727612000
    3      0.5771945   0.3690387000
     1         S     2
    1      1.1314626  -0.5252084690
    2      0.2034092   1.2292264700
     1         P     2
    1      1.1314626   0.0210705259
    2      0.2034092   0.9905913710
     1         S     1
    1      0.0705638   1.0000000000
     1         P     1
    1      0.0705638   1.0000000000
****
-Sb  0
     1     S         3
    1  13289.3830000   0.0609843000
    2   2010.5218000   0.3668487000
    3    441.6981500   0.6910501000
     1         S     3
    1    598.8890500  -0.1127201340
    2    130.0386010   0.0826443261
    3     42.1328602   0.9702578610
     1         P     3
    1    598.8890500   0.1530671170
    2    130.0386010   0.6135972480
    3     42.1328602   0.3916990150
     1         S     3
    1     51.5133288  -0.2770433380
    2     24.4359459   0.0575032340
    3      7.4209308   1.0847028300
     1         P     3
    1     51.5133288  -0.1378698580
    2     24.4359459   0.5363549770
    3      7.4209308   0.6508676380
     1     D         3
    1    115.8095500   0.1166279000
    2     32.3058350   0.4834363000
    3     10.2503280   0.5901395000
     1         S     3
    1      7.3142354  -0.4403811640
    2      2.8440529   0.4737340950
    3      1.1058547   0.8221349680
     1         P     3
    1      7.3142354   0.0153051809
    2      2.8440529   0.5160832190
    3      1.1058547   0.5387570470
     1     D         3
    1      5.4862102   0.2483656000
    2      1.9216196   0.5743154000
    3      0.6660626   0.3643044000
     1         S     2
    1      1.2786373  -0.6016951060
    2      0.2412321   1.2586920200
     1         P     2
    1      1.2786373   0.0222527566
    2      0.2412321   0.9896433640
     1         S     1
    1      0.0866297   1.0000000000
     1         P     1
    1      0.0866297   1.0000000000
****
-Te  0
     1     S         3
    1  13796.5600000   0.0610862000
    2   2088.8798000   0.3669629000
    3    459.3931900   0.6907944000
     1         S     3
    1    623.2631250  -0.1128200240
    2    135.3600050   0.0822524310
    3     44.0004843   0.9706007190
     1         P     3
    1    623.2631250   0.1534194780
    2    135.3600050   0.6148996150
    3     44.0004843   0.3895162450
     1         S     3
    1     54.1907833  -0.2744120340
    2     25.8203900   0.0518296845
    3      7.8095832   1.0876215200
     1         P     3
    1     54.1907833  -0.1433312140
    2     25.8203900   0.5391881200
    3      7.8095832   0.6522850780
     1     D         3
    1    121.4083000   0.1169136000
    2     34.0152170   0.4835555000
    3     10.8691380   0.5883864000
     1         S     3
    1      7.7642168  -0.4467305520
    2      3.0439316   0.4694704190
    3      1.1992529   0.8298104900
     1         P     3
    1      7.7642168   0.0127461960
    2      3.0439316   0.5221231250
    3      1.1992529   0.5326613980
     1     D         3
    1      5.8031113   0.2601939000
    2      2.0580658   0.5797758000
    3      0.7328302   0.3405580000
     1         S     2
    1      1.3403638  -0.5904699310
    2      0.2780884   1.2819683900
     1         P     2
    1      1.3403638   0.0255883399
    2      0.2780884   0.9871016270
     1         S     1
    1      0.0967261   1.0000000000
     1         P     1
    1      0.0967261   1.0000000000
****
-I   0
     1     S         3
    1  14351.1860000   0.0610028000
    2   2173.0741000   0.3666398000
    3    477.8720500   0.6911306000
     1         S     3
    1    648.1886590  -0.1128506660
    2    140.3064480   0.0832283375
    3     45.6988012   0.9697515910
     1         P     3
    1    648.1886590   0.1541144880
    2    140.3064480   0.6194617630
    3     45.6988012   0.3837583160
     1         S     3
    1     56.6946895  -0.2736964870
    2     27.4887526   0.0464996790
    3      8.2090958   1.0915760500
     1         P     3
    1     56.6946895  -0.1523216720
    2     27.4887526   0.5437685670
    3      8.2090958   0.6561678540
     1     D         3
    1    128.0902600   0.1158636000
    2     35.9823780   0.4820494000
    3     11.5511160   0.5894448000
     1         S     3
    1      8.1916787  -0.4508277050
    2      3.2445956   0.4632093730
    3      1.3004891   0.8386360160
     1         P     3
    1      8.1916787   0.0118698790
    2      3.2445956   0.5265245820
    3      1.3004891   0.5266076080
     1     D         3
    1      6.1461523   0.2681817000
    2      2.2209370   0.5800614000
    3      0.8099120   0.3262263000
     1         S     2
    1      1.4513801  -0.6658514610
    2      0.3281033   1.3285838700
     1         P     2
    1      1.4513801   0.0275413096
    2      0.3281033   0.9851368320
     1         S     1
    1      0.1150759   1.0000000000
     1         P     1
    1      0.1150759   1.0000000000
****
-Xe  0
     1     S         3
    1  14902.2360000   0.0609969000
    2   2256.5383000   0.3666290000
    3    496.3731700   0.6911155000
     1         S     3
    1    673.6610920  -0.1129127500
    2    145.8490890   0.0829052919
    3     47.5770755   0.9700289050
     1         P     3
    1    673.6610920   0.1544274850
    2    145.8490890   0.6206173540
    3     47.5770755   0.3820041020
     1         S     3
    1     59.1675209  -0.2739774060
    2     28.6115924   0.0455300561
    3      8.5965963   1.0925275500
     1         P     3
    1     59.1675209  -0.1518571810
    2     28.6115924   0.5471506590
    3      8.5965963   0.6519540310
     1     D         3
    1    134.9133100   0.1150105000
    2     37.9563870   0.4815952000
    3     12.2274750   0.5896133000
     1         S     3
    1      8.6386762  -0.4558408020
    2      3.4628180   0.4617354980
    3      1.4010398   0.8442883040
     1         P     3
    1      8.6386762   0.0095850557
    2      3.4628180   0.5298192870
    3      1.4010398   0.5235984970
     1     D         3
    1      6.6004928   0.2718844000
    2      2.3980513   0.5855569000
    3      0.8864824   0.3127456000
     1         S     2
    1      1.5784741  -0.7277717960
    2      0.3750814   1.3627970800
     1         P     2
    1      1.5784741   0.0280724418
    2      0.3750814   0.9842642090
     1         S     1
    1      0.1331790   1.0000000000
     1         P     1
    1      0.1331790   1.0000000000
****
