-H   0
     1     S         3
    1     18.7311363    .0334945992
    2      2.8253937    .2347269505
    3       .6401217    .8137573004
     1     S         1
    1       .1612778   1.0000000000
****
-He  0
     1     S         3
    1     38.4216340   0.0237660000
    2      5.7780300   0.1546790000
    3      1.2417740   0.4696300000
     1     S         1
    1      0.2979640   1.0000000000
****
-Li  0
     1     S         6
    1    642.4189453    .0021426077
    2     96.7985153    .0162088722
    3     22.0911217    .0773155689
    4      6.2010703    .2457860559
    5      1.9351177    .4701890051
    6       .6367358    .3454708457
     1         S     3
    1      2.3249185   -.0350917466
    2       .6324304   -.1912328452
    3       .0790534   1.0839878321
     1         P     3
    1      2.3249185    .0089415079
    2       .6324304    .1410094649
    3       .0790534    .9453637004
     1         S     1
    1       .0359620   1.0000000000
     1         P     1
    1       .0359620   1.0000000000
****
-Be  0
     1     S         6
    1   1264.5856934    .0019447575
    2    189.9368134    .0148350522
    3     43.1590881    .0720905438
    4     12.0986624    .2371541560
    5      3.8063233    .4691986442
    6      1.2728903    .3565202355
     1         S     3
    1      3.1964631   -.1126487255
    2       .7478133   -.2295064032
    3       .2199663   1.1869168282
     1         P     3
    1      3.1964631    .0559801981
    2       .7478133    .2615506053
    3       .2199663    .7939723134
     1         S     1
    1       .0823099   1.0000000000
     1         P     1
    1       .0823099   1.0000000000
****
-B   0
     1     S         6
    1   2068.8823242    .0018662746
    2    310.6495667    .0142514817
    3     70.6830368    .0695516169
    4     19.8610802    .2325729281
    5      6.2993050    .4670787156
    6      2.1270270    .3634314537
     1         S     3
    1      4.7279711   -.1303938031
    2      1.1903378   -.1307889521
    3       .3594117   1.1309444904
     1         P     3
    1      4.7279711    .0745975822
    2      1.1903378    .3078466654
    3       .3594117    .7434568405
     1         S     1
    1       .1267512   1.0000000000
     1         P     1
    1       .1267512   1.0000000000
****
-C   0
     1     S         6
    1   3047.5249023    .0018347000
    2    457.3695068    .0140372999
    3    103.9486923    .0688425973
    4     29.2101555    .2321843952
    5      9.2866631    .4679413140
    6      3.1639271    .3623119891
     1         S     3
    1      7.8682723   -.1193324029
    2      1.8812885   -.1608542055
    3       .5442493   1.1434564590
     1         P     3
    1      7.8682723    .0689990968
    2      1.8812885    .3164240122
    3       .5442493    .7443082929
     1         S     1
    1       .1687144   1.0000000000
     1         P     1
    1       .1687144   1.0000000000
     1     D         1
    1       .8000000   1.0000000000
****
-N   0
     1     S         6
    1   4173.5112305    .0018348000
    2    627.4578857    .0139950002
    3    142.9020996    .0685869977
    4     40.2343292    .2322410047
    5     12.8202105    .4690699875
    6      4.3904371    .3604550064
     1         S     3
    1     11.6263580   -.1149609983
    2      2.7162800   -.1691180021
    3       .7722180   1.1458519697
     1         P     3
    1     11.6263580    .0675799996
    2      2.7162800    .3239069879
    3       .7722180    .7408949733
     1         S     1
    1       .2120313   1.0000000000
     1         P     1
    1       .2120313   1.0000000000
     1     D         1
    1       .8000000   1.0000000000
****
-O   0
     1     S         6
    1   5484.6718750    .0018311000
    2    825.2349243    .0139501002
    3    188.0469666    .0684451014
    4     52.9645004    .2327142954
    5     16.8975697    .4701929986
    6      5.7996354    .3585208952
     1         S     3
    1     15.5396156   -.1107774973
    2      3.5999336   -.1480263025
    3      1.0137618   1.1307669878
     1         P     3
    1     15.5396156    .0708743036
    2      3.5999336    .3397527933
    3      1.0137618    .7271586061
     1         S     1
    1       .2700058   1.0000000000
     1         P     1
    1       .2700058   1.0000000000
     1     D         1
    1       .8000000   1.0000000000
****
-F   0
     1     S         6
    1   7001.7128906    .0018196200
    2   1051.3660889    .0139160799
    3    239.2856903    .0684053227
    4     67.3974457    .2331857532
    5     21.5199566    .4712674320
    6      7.4031014    .3566185534
     1         S     3
    1     20.8479519   -.1085069776
    2      4.8083081   -.1464516670
    3      1.3440698   1.1286885738
     1         P     3
    1     20.8479519    .0716287196
    2      4.8083081    .3459120989
    3      1.3440698    .7224699855
     1         S     1
    1       .3581514   1.0000000000
     1         P     1
    1       .3581514   1.0000000000
     1     D         1
    1       .8000000   1.0000000000
****
-Ne  0
     1     S         6
    1   8425.8515300   0.0018843480
    2   1268.5194000   0.0143368994
    3    289.6214140   0.0701096233
    4     81.8590040   0.2373732660
    5     26.2515079   0.4730071260
    6      9.0947205   0.3484012410
     1         S     3
    1     26.5321310  -0.1071182870
    2      6.1017550  -0.1461638210
    3      1.6962715   1.1277735000
     1         P     3
    1     26.5321310   0.0719095885
    2      6.1017550   0.3495133720
    3      1.6962715   0.7199405120
     1         S     1
    1      0.4458187   1.0000000000
     1         P     1
    1      0.4458187   1.0000000000
     1     D         1
    1      0.8000000   1.0000000000
****
-Na  0
     1     S         6
    1   9993.2001953    .0019376600
    2   1499.8900146    .0148069998
    3    341.9509888    .0727054998
    4     94.6796036    .2526290119
    5     29.7345009    .4932419956
    6     10.0063000    .3131690025
     1         S     6
    1    150.9629974   -.0035420801
    2     35.5877991   -.0439588018
    3     11.1682997   -.1097519994
    4      3.9020100    .1873980016
    5      1.3817700    .6466990113
    6       .4663820    .3060579896
     1         P     6
    1    150.9629974    .0050016600
    2     35.5877991    .0355109014
    3     11.1682997    .1428250074
    4      3.9020100    .3386200070
    5      1.3817700    .4515790045
    6       .4663820    .2732709944
     1         S     3
    1       .4979660   -.2485029995
    2       .0843529   -.1317040026
    3       .0666350   1.2335200310
     1         P     3
    1       .4979660   -.0230225008
    2       .0843529    .9503589869
    3       .0666350    .0598579012
     1         S     1
    1       .0259544   1.0000000000
     1         P     1
    1       .0259544   1.0000000000
****
-Mg  0
     1     S         6
    1  11722.7998047    .0019778300
    2   1759.9300537    .0151140001
    3    400.8460083    .0739108026
    4    112.8069992    .2491910011
    5     35.9996986    .4879280031
    6     12.1828003    .3196620047
     1         S     6
    1    189.1799927   -.0032371699
    2     45.2118988   -.0410078987
    3     14.3563004   -.1125999987
    4      5.1388602    .1486330032
    5      1.9065200    .6164969802
    6       .7058870    .3648290038
     1         P     6
    1    189.1799927    .0049281302
    2     45.2118988    .0349887982
    3     14.3563004    .1407250017
    4      5.1388602    .3336420059
    5      1.9065200    .4449400008
    6       .7058870    .2692539990
     1         S     3
    1       .9293400   -.2122900039
    2       .2690350   -.1079849973
    3       .1173790   1.1758400202
     1         P     3
    1       .9293400   -.0224191993
    2       .2690350    .1922709942
    3       .1173790    .8461809754
     1         S     1
    1       .0421061   1.0000000000
     1         P     1
    1       .0421061   1.0000000000
****
-Al  0
     1     S         6
    1  13983.0996094    .0019426700
    2   2098.7500000    .0148598999
    3    477.7049866    .0728494003
    4    134.3600006    .2468300015
    5     42.8708992    .4872579873
    6     14.5188999    .3234960139
     1         S     6
    1    239.6679993   -.0029261899
    2     57.4418983   -.0374082997
    3     18.2859001   -.1144869998
    4      6.5991402    .1156350002
    5      2.4904900    .6125950217
    6       .9445450    .3937990069
     1         P     6
    1    239.6679993    .0046028499
    2     57.4418983    .0331990011
    3     18.2859001    .1362819970
    4      6.5991402    .3304759860
    5      2.4904900    .4491460025
    6       .9445450    .2657040060
     1         S     3
    1      1.2779000   -.2276059985
    2       .3975900    .0014458300
    3       .1600950   1.0927900076
     1         P     3
    1      1.2779000   -.0175126009
    2       .3975900    .2445330024
    3       .1600950    .8049340248
     1         S     1
    1       .0556577   1.0000000000
     1         P     1
    1       .0556577   1.0000000000
****
-Si  0
     1     S         6
    1  16115.9003906    .0019594801
    2   2425.5800781    .0149288001
    3    553.8670044    .0728477985
    4    156.3399963    .2461300045
    5     50.0682983    .4859139919
    6     17.0177994    .3250020146
     1         S     6
    1    292.7179871   -.0027809399
    2     69.8731003   -.0357146002
    3     22.3362999   -.1149849966
    4      8.1503897    .0935634002
    5      3.1345799    .6030169725
    6      1.2254300    .4189589918
     1         P     6
    1    292.7179871    .0044382601
    2     69.8731003    .0326679014
    3     22.3362999    .1347209960
    4      8.1503897    .3286780119
    5      3.1345799    .4496400058
    6      1.2254300    .2613720000
     1         S     3
    1      1.7273800   -.2446299940
    2       .5729220    .0043157199
    3       .2221920   1.0981800556
     1         P     3
    1      1.7273800   -.0177951008
    2       .5729220    .2535389960
    3       .2221920    .8006690145
     1         S     1
    1       .0778369   1.0000000000
     1         P     1
    1       .0778369   1.0000000000
     1     D         1
    1       .4500000   1.0000000000
****
-P   0
     1     S         6
    1  19413.3007812    .0018516000
    2   2909.4199219    .0142061999
    3    661.3640137    .0699995011
    4    185.7590027    .2400790006
    5     59.1943016    .4847620130
    6     20.0310001    .3352000117
     1         S     6
    1    339.4779968   -.0027821700
    2     81.0101013   -.0360498987
    3     25.8780003   -.1166310012
    4      9.4522104    .0968327969
    5      3.6656599    .6144180298
    6      1.4674600    .4037980139
     1         P     6
    1    339.4779968    .0045646201
    2     81.0101013    .0336936004
    3     25.8780003    .1397549957
    4      9.4522104    .3393619955
    5      3.6656599    .4509209991
    6      1.4674600    .2385859936
     1         S     3
    1      2.1562300   -.2529230118
    2       .7489970    .0328516997
    3       .2831450   1.0812499523
     1         P     3
    1      2.1562300   -.0177653003
    2       .7489970    .2740580142
    3       .2831450    .7854210138
     1         S     1
    1       .0998317   1.0000000000
     1         P     1
    1       .0998317   1.0000000000
     1     D         1
    1       .5500000   1.0000000000
****
-S   0
     1     S         6
    1  21917.0996094    .0018690000
    2   3301.4899902    .0142299999
    3    754.1459961    .0696960017
    4    212.7109985    .2384870052
    5     67.9896011    .4833070040
    6     23.0515003    .3380739987
     1         S     6
    1    423.7349854   -.0023767001
    2    100.7099991   -.0316930003
    3     32.1599007   -.1133169979
    4     11.8079004    .0560900010
    5      4.6311002    .5922549963
    6      1.8702500    .4550060034
     1         P     6
    1    423.7349854    .0040610000
    2    100.7099991    .0306809992
    3     32.1599007    .1304520071
    4     11.8079004    .3272050023
    5      4.6311002    .4528509974
    6      1.8702500    .2560420036
     1         S     3
    1      2.6158400   -.2503739893
    2       .9221670    .0669569969
    3       .3412870   1.0545099974
     1         P     3
    1      2.6158400   -.0145110004
    2       .9221670    .3102630079
    3       .3412870    .7544829845
     1         S     1
    1       .1171670   1.0000000000
     1         P     1
    1       .1171670   1.0000000000
     1     D         1
    1       .6500000   1.0000000000
****
-Cl  0
     1     S         6
    1  25180.0996094    .0018330000
    2   3780.3500977    .0140340002
    3    860.4739990    .0690969974
    4    242.1450043    .2374520004
    5     77.3348999    .4830340147
    6     26.2469997    .3398559988
     1         S     6
    1    491.7650146   -.0022974000
    2    116.9840012   -.0307139996
    3     37.4152985   -.1125279963
    4     13.7833996    .0450159982
    5      5.4521499    .5893530250
    6      2.2258799    .4652059972
     1         P     6
    1    491.7650146    .0039893999
    2    116.9840012    .0303179994
    3     37.4152985    .1298799962
    4     13.7833996    .3279510140
    5      5.4521499    .4535270035
    6      2.2258799    .2521539927
     1         S     3
    1      3.1864901   -.2518300116
    2      1.1442699    .0615889989
    3       .4203770   1.0601799488
     1         P     3
    1      3.1864901   -.0142989997
    2      1.1442699    .3235720098
    3       .4203770    .7435070276
     1         S     1
    1       .1426570   1.0000000000
     1         P     1
    1       .1426570   1.0000000000
     1     D         1
    1       .7500000   1.0000000000
****
-Ar  0
     1     S         6
    1  28348.3000000   0.0018252600
    2   4257.6200000   0.0139686000
    3    969.8570000   0.0687073000
    4    273.2630000   0.2362040000
    5     87.3695000   0.4822140000
    6     29.6867000   0.3420430000
     1         S     6
    1    575.8910000  -0.0021597200
    2    136.8160000  -0.0290775000
    3     43.8098000  -0.1108270000
    4     16.2094000   0.0276999000
    5      6.4608400   0.5776130000
    6      2.6511400   0.4886880000
     1         P     6
    1    575.8910000   0.0038066500
    2    136.8160000   0.0292305000
    3     43.8098000   0.1264670000
    4     16.2094000   0.3235100000
    5      6.4608400   0.4548960000
    6      2.6511400   0.2566300000
     1         S     3
    1      3.8602800  -0.2555920000
    2      1.4137300   0.0378066000
    3      0.5166460   1.0805600000
     1         P     3
    1      3.8602800  -0.0159197000
    2      1.4137300   0.3246460000
    3      0.5166460   0.7439900000
     1         S     1
    1      0.1738880   1.0000000000
     1         P     1
    1      0.1738880   1.0000000000
     1     D         1
    1      0.8500000   1.0000000000
****
-K   0
     1     S         6
    1  31594.4200000   0.0018280100
    2   4744.3300000   0.0139940300
    3   1080.4190000   0.0688712900
    4    304.2338000   0.2369760000
    5     97.2458600   0.4829040000
    6     33.0249500   0.3404795000
     1         S     6
    1    622.7625000  -0.0025029760
    2    147.8839000  -0.0331555000
    3     47.3273500  -0.1226387000
    4     17.5149500   0.0535364300
    5      6.9227220   0.6193860000
    6      2.7682770   0.4345878000
     1         P     6
    1    622.7625000   0.0040946370
    2    147.8839000   0.0314519900
    3     47.3273500   0.1351558000
    4     17.5149500   0.3390500000
    5      6.9227220   0.4629455000
    6      2.7682770   0.2242638000
     1         S     6
    1     11.8480200   0.0127768900
    2      4.0792110   0.2098767000
    3      1.7634810  -0.0030952740
    4      0.7889270  -0.5593884000
    5      0.3503870  -0.5134760000
    6      0.1463440  -0.0659803500
     1         P     6
    1     11.8480200  -0.0122137700
    2      4.0792110  -0.0069005370
    3      1.7634810   0.2007466000
    4      0.7889270   0.4281332000
    5      0.3503870   0.3970156000
    6      0.1463440   0.1104718000
     1         S     3
    1      0.7168010  -0.0523777200
    2      0.2337410  -0.2798503000
    3      0.0386750   1.1415470000
     1         P     3
    1      0.7168010   0.0316430000
    2      0.2337410  -0.0404616000
    3      0.0386750   1.0120290000
     1         S     1
    1      0.0165210   1.0000000000
     1         P     1
    1      0.0165210   1.0000000000
     1     D         1
    1      0.2350000   1.0000000000
****
-Ca  0
     1     S         6
    1  35264.8600000   0.0018135010
    2   5295.5030000   0.0138849300
    3   1206.0200000   0.0683616200
    4    339.6839000   0.2356188000
    5    108.6264000   0.4820639000
    6     36.9210300   0.3429819000
     1         S     6
    1    706.3096000   0.0024482250
    2    167.8187000   0.0324150400
    3     53.8255800   0.1226219000
    4     20.0163800  -0.0431696500
    5      7.9702790  -0.6126995000
    6      3.2120590  -0.4487540000
     1         P     6
    1    706.3096000   0.0040203710
    2    167.8187000   0.0310060100
    3     53.8255800   0.1337279000
    4     20.0163800   0.3367983000
    5      7.9702790   0.4631281000
    6      3.2120590   0.2257532000
     1         S     6
    1     14.1951800   0.0108450000
    2      4.8808280   0.2088333000
    3      2.1603900   0.0315033800
    4      0.9878990  -0.5526518000
    5      0.4495170  -0.5437997000
    6      0.1873870  -0.0666934200
     1         P     6
    1     14.1951800  -0.0128962100
    2      4.8808280  -0.0102519800
    3      2.1603900   0.1959781000
    4      0.9878990   0.4357933000
    5      0.4495170   0.3996452000
    6      0.1873870   0.0971363600
     1         S     3
    1      1.0322710  -0.0443972000
    2      0.3811710  -0.3284563000
    3      0.0651310   1.1630100000
     1         P     3
    1      1.0322710  -0.4298621000
    2      0.3811710   0.0069358290
    3      0.0651310   0.9705933000
     1         S     1
    1      0.0260100   1.0000000000
     1         P     1
    1      0.0260100   1.0000000000
     1     D         1
    1      0.2160000   1.0000000000
****
-Ga  0
     1     S         8
    1 457600.0000000   0.0002208800
    2  68470.0000000   0.0017224000
    3  15590.0000000   0.0088661000
    4   4450.0000000   0.0359190000
    5   1472.0000000   0.1144600000
    6    541.3000000   0.2816300000
    7    214.8000000   0.4481000000
    8     88.8100000   0.2955200000
     1     S         2
    1     27.1800000   0.4802500000
    2     11.5400000   1.1478000000
     1     S         1
    1      3.3030000   1.0000000000
     1     S         1
    1      1.3340000   1.0000000000
     1     S         1
    1      0.1947000   1.0000000000
     1     S         1
    1      0.0715800   1.0000000000
     1     P         6
    1   3274.0000000   0.0014743000
    2    765.4000000   0.0132700000
    3    241.6000000   0.0653840000
    4     89.3900000   0.2296100000
    5     36.3600000   0.3992900000
    6     15.6000000   0.4359300000
     1     P         3
    1      6.4720000   0.2610500000
    2      2.7480000   0.4834700000
    3      1.0900000   0.2872100000
     1     P         1
    1      0.2202000   1.0000000000
     1     P         1
    1      0.0613000   1.0000000000
     1     D         5
    1     59.6600000   0.0319600000
    2     17.1000000   0.1635800000
    3      6.0300000   0.3672000000
    4      2.1710000   0.4570400000
    5      0.6844000   0.3047700000
     1     D         1
    1      0.1410000   1.0000000000
****
-Ge  0
     1     S         8
    1 489000.0000000   0.0002220000
    2  73100.0000000   0.0017280000
    3  16640.0000000   0.0089500000
    4   4742.0000000   0.0359050000
    5   1569.0000000   0.1128400000
    6    577.0000000   0.2874800000
    7    229.0000000   0.4344900000
    8     94.8100000   0.3068300000
     1     S         2
    1     29.2200000   0.4775900000
    2     12.4500000   1.1144500000
     1     S         1
    1      3.6420000   1.0000000000
     1     S         1
    1      1.5020000   1.0000000000
     1     S         1
    1      0.2462000   1.0000000000
     1     S         1
    1      0.0920900   1.0000000000
     1     P         6
    1   3596.0000000   0.0014420000
    2    843.7000000   0.0124420000
    3    266.2000000   0.0646940000
    4     98.2800000   0.2186650000
    5     39.9300000   0.3933500000
    6     17.1400000   0.4345300000
     1     P         3
    1      7.1570000   0.2499750000
    2      3.0680000   0.4693800000
    3      1.2460000   0.2889600000
     1     P         1
    1      0.2795000   1.0000000000
     1     P         1
    1      0.0834000   1.0000000000
     1     D         5
    1     70.1800000   0.0287700000
    2     20.0700000   0.1552500000
    3      7.0590000   0.3681400000
    4      2.5530000   0.4657800000
    5      0.8301000   0.2864800000
     1     D         1
    1      0.2020000   1.0000000000
****
-As  0
     1     S         8
    1 526200.0000000   0.0002200000
    2  78310.0000000   0.0017200000
    3  17800.0000000   0.0088900000
    4   5070.0000000   0.0353500000
    5   1677.0000000   0.1122600000
    6    617.0000000   0.2862500000
    7    245.0000000   0.4340600000
    8    101.5000000   0.3088000000
     1     S         2
    1     31.3900000   0.4729900000
    2     13.4300000   1.1237500000
     1     S         1
    1      4.0000000   1.0000000000
     1     S         1
    1      1.6830000   1.0000000000
     1     S         1
    1      0.3003000   1.0000000000
     1     S         1
    1      0.1137000   1.0000000000
     1     P         6
    1   3909.0000000   0.0013300000
    2    924.0000000   0.0114000000
    3    291.8000000   0.0598100000
    4    107.5000000   0.2051100000
    5     43.6200000   0.3743200000
    6     18.7300000   0.4214100000
     1     P         3
    1      7.8410000   0.2190100000
    2      3.3910000   0.4295500000
    3      1.4050000   0.2640000000
     1     P         1
    1      0.3441000   1.0000000000
     1     P         1
    1      0.1068000   1.0000000000
     1     D         5
    1     81.5900000   0.0255800000
    2     23.2600000   0.1449200000
    3      8.1480000   0.3604400000
    4      2.9540000   0.4625500000
    5      0.9827000   0.2681300000
     1     D         1
    1      0.2730000   1.0000000000
****
-Se  0
     1     S         8
    1 560600.0000000   0.0002200000
    2  84010.0000000   0.0017000000
    3  19030.0000000   0.0088300000
    4   5419.0000000   0.0350800000
    5   1792.0000000   0.1126600000
    6    659.5000000   0.2847100000
    7    262.0000000   0.4334800000
    8    108.6000000   0.3114000000
     1     S         2
    1     33.6600000   0.4682300000
    2     14.4500000   1.0926100000
     1     S         1
    1      4.3780000   1.0000000000
     1     S         1
    1      1.8760000   1.0000000000
     1     S         1
    1      0.3592000   1.0000000000
     1     S         1
    1      0.1367000   1.0000000000
     1     P         6
    1   4114.0000000   0.0011700000
    2    980.4000000   0.0098500000
    3    310.7000000   0.0517700000
    4    114.2000000   0.1786900000
    5     46.2600000   0.3250400000
    6     19.8700000   0.3608900000
     1     P         3
    1      8.3090000   0.2148800000
    2      3.5980000   0.3962900000
    3      1.5220000   0.2250800000
     1     P         1
    1      0.4032000   1.0000000000
     1     P         1
    1      0.1231000   1.0000000000
     1     D         5
    1     94.0300000   0.0206300000
    2     26.7900000   0.1222700000
    3      9.3360000   0.3197200000
    4      3.3830000   0.4173800000
    5      1.1450000   0.2318400000
     1     D         1
    1      0.3150000   1.0000000000
****
-Br  0
     1     S         8
    1 574300.0000000   0.0002204000
    2  89070.0000000   0.0016871000
    3  20210.0000000   0.0087457000
    4   5736.0000000   0.0355970000
    5   1899.0000000   0.1135200000
    6    698.7000000   0.2797300000
    7    277.8000000   0.4493800000
    8    115.2000000   0.3002300000
     1     S         2
    1     35.9700000   0.4572600000
    2     15.5000000   1.2297800000
     1     S         1
    1      4.7710000   1.0000000000
     1     S         1
    1      2.0770000   1.0000000000
     1     S         1
    1      0.4211000   1.0000000000
     1     S         1
    1      0.1610000   1.0000000000
     1     P         6
    1   4406.0000000   0.0013766000
    2   1042.0000000   0.0122070000
    3    332.1000000   0.0601900000
    4    121.9000000   0.2237000000
    5     49.2400000   0.4004700000
    6     21.1600000   0.4445800000
     1     P         3
    1      8.8360000   0.2724500000
    2      3.8290000   0.4946900000
    3      1.6430000   0.2568400000
     1     P         1
    1      0.4650000   1.0000000000
     1     P         1
    1      0.1427000   1.0000000000
     1     D         5
    1    108.4000000   0.0215210000
    2     30.7100000   0.1337600000
    3     10.6600000   0.3667300000
    4      3.8510000   0.4903700000
    5      1.3170000   0.2674900000
     1     D         1
    1      0.3380000   1.0000000000
****
-Kr  0
     1     S         8
    1 605700.0000000   0.0002299700
    2  90300.0000000   0.0017432000
    3  20920.0000000   0.0090459000
    4   5889.0000000   0.0369010000
    5   1950.0000000   0.1174300000
    6    718.2000000   0.2861700000
    7    285.4000000   0.4540800000
    8    118.6000000   0.2850100000
     1     S         2
    1     38.1600000   0.4646500000
    2     16.4500000   1.2444800000
     1     S         1
    1      5.2110000   1.0000000000
     1     S         1
    1      2.2910000   1.0000000000
     1     S         1
    1      0.4837000   1.0000000000
     1     S         1
    1      0.1855000   1.0000000000
     1     P         6
    1   4678.0000000   0.0013437000
    2   1120.0000000   0.0118210000
    3    357.1000000   0.0582770000
    4    131.4000000   0.2185400000
    5     52.8600000   0.3975700000
    6     22.7000000   0.4411900000
     1     P         3
    1      9.5470000   0.2688700000
    2      4.1670000   0.4938100000
    3      1.8110000   0.2506900000
     1     P         1
    1      0.5337000   1.0000000000
     1     P         1
    1      0.1654000   1.0000000000
     1     D         5
    1    125.6000000   0.0156950000
    2     35.3100000   0.1030100000
    3     12.1500000   0.2996800000
    4      4.3500000   0.4117100000
    5      1.4940000   0.2154800000
     1     D         1
    1      0.3180000   1.0000000000
****
-I   0
     1     S         3
    1  14351.1855469    .0610029995
    2   2173.0742188    .3666400015
    3    477.8720398    .6911309958
     1     S         3
    1    648.1887207   -.1128510013
    2    140.3063965    .0832279995
    3     45.6987991    .9697520137
     1     P         3
    1    648.1887207    .1541139930
    2    140.3063965    .6194620132
    3     45.6987991    .3837580085
     1     S         3
    1     56.6946907   -.2736969888
    2     27.4887505    .0465000011
    3      8.2090960   1.0915759802
     1     P         3
    1     56.6946907   -.1523219943
    2     27.4887505    .5437690020
    3      8.2090960    .6561679840
     1     D         3
    1    128.0902557    .1158640012
    2     35.9823761    .4820489883
    3     11.5511160    .5894449949
     1     S         3
    1      8.1916790   -.4508279860
    2      3.2445960    .4632090032
    3      1.3004889    .8386359811
     1     P         3
    1      8.1916790    .0118699996
    2      3.2445960    .5265250206
    3      1.3004889    .5266079903
     1     D         3
    1      6.1461520    .2681820095
    2      2.2209370    .5800610185
    3       .8099120    .3262259960
     1     S         2
    1      1.4513800   -.6658520103
    2       .3281030   1.3285839558
     1     P         2
    1      1.4513800    .0275410004
    2       .3281030    .9851369858
     1     S         1
    1       .1150760   1.0000000000
     1     P         1
    1       .1150760   1.0000000000
     1     D         1
    1       .4000000   1.0000000000
****
