-H   0
     1     S         3
    1     18.7311370   0.0334946043
    2      2.8253944   0.2347269535
    3      0.6401217   0.8137573262
     1     S         1
    1      0.1612778   1.0000000000
****
-He  0
     1     S         3
    1     38.4216340   0.0237660000
    2      5.7780300   0.1546790000
    3      1.2417740   0.4696300000
     1     S         1
    1      0.2979640   1.0000000000
****
-Li  0
     1     S         6
    1    642.4189150   0.0021426078
    2     96.7985153   0.0162088715
    3     22.0911212   0.0773155725
    4      6.2010702   0.2457860520
    5      1.9351177   0.4701890040
    6      0.6367358   0.3454708450
     1         S     3
    1      2.3249184  -0.0350917459
    2      0.6324304  -0.1912328440
    3      0.0790534   1.0839878000
     1         P     3
    1      2.3249184   0.0089415080
    2      0.6324304   0.1410094640
    3      0.0790534   0.9453636950
     1         S     1
    1      0.0359620   1.0000000000
     1         P     1
    1      0.0359620   1.0000000000
****
-Be  0
     1     S         6
    1   1264.5856900   0.0019447576
    2    189.9368060   0.0148350520
    3     43.1590890   0.0720905463
    4     12.0986627   0.2371541500
    5      3.8063232   0.4691986520
    6      1.2728903   0.3565202280
     1         S     3
    1      3.1964631  -0.1126487290
    2      0.7478133  -0.2295064090
    3      0.2199663   1.1869167700
     1         P     3
    1      3.1964631   0.0559801998
    2      0.7478133   0.2615506110
    3      0.2199663   0.7939723390
     1         S     1
    1      0.0823099   1.0000000000
     1         P     1
    1      0.0823099   1.0000000000
****
-B   0
     1     S         6
    1   2068.8822500   0.0018662746
    2    310.6495700   0.0142514817
    3     70.6830330   0.0695516185
    4     19.8610803   0.2325729330
    5      6.2993048   0.4670787120
    6      2.1270270   0.3634314400
     1         S     3
    1      4.7279711  -0.1303937970
    2      1.1903377  -0.1307889510
    3      0.3594117   1.1309444800
     1         P     3
    1      4.7279711   0.0745975799
    2      1.1903377   0.3078466770
    3      0.3594117   0.7434568340
     1         S     1
    1      0.1267512   1.0000000000
     1         P     1
    1      0.1267512   1.0000000000
****
-C   0
     1     S         6
    1   3047.5248800   0.0018347371
    2    457.3695180   0.0140373228
    3    103.9486850   0.0688426222
    4     29.2101553   0.2321844430
    5      9.2866630   0.4679413480
    6      3.1639270   0.3623119850
     1         S     3
    1      7.8682723  -0.1193324200
    2      1.8812885  -0.1608541520
    3      0.5442493   1.1434564400
     1         P     3
    1      7.8682723   0.0689990666
    2      1.8812885   0.3164239610
    3      0.5442493   0.7443082910
     1         S     1
    1      0.1687145   1.0000000000
     1         P     1
    1      0.1687145   1.0000000000
****
-N   0
     1     S         6
    1   4173.5114600   0.0018347722
    2    627.4579110   0.0139946270
    3    142.9020930   0.0685865518
    4     40.2343293   0.2322408730
    5     12.8202129   0.4690699480
    6      4.3904370   0.3604551990
     1         S     3
    1     11.6263619  -0.1149611820
    2      2.7162798  -0.1691174790
    3      0.7722184   1.1458519500
     1         P     3
    1     11.6263619   0.0675797439
    2      2.7162798   0.3239072960
    3      0.7722184   0.7408951400
     1         S     1
    1      0.2120315   1.0000000000
     1         P     1
    1      0.2120315   1.0000000000
****
-O   0
     1     S         6
    1   5484.6716600   0.0018310744
    2    825.2349460   0.0139501722
    3    188.0469580   0.0684450781
    4     52.9645000   0.2327143360
    5     16.8975704   0.4701928980
    6      5.7996353   0.3585208530
     1         S     3
    1     15.5396162  -0.1107775490
    2      3.5999336  -0.1480262620
    3      1.0137618   1.1307670100
     1         P     3
    1     15.5396162   0.0708742682
    2      3.5999336   0.3397528390
    3      1.0137618   0.7271585770
     1         S     1
    1      0.2700058   1.0000000000
     1         P     1
    1      0.2700058   1.0000000000
****
-F   0
     1     S         6
    1   7001.7130900   0.0018196169
    2   1051.3660900   0.0139160796
    3    239.2856900   0.0684053245
    4     67.3974453   0.2331857600
    5     21.5199573   0.4712674390
    6      7.4031013   0.3566185460
     1         S     3
    1     20.8479528  -0.1085069750
    2      4.8083083  -0.1464516580
    3      1.3440699   1.1286885800
     1         P     3
    1     20.8479528   0.0716287243
    2      4.8083083   0.3459121030
    3      1.3440699   0.7224699570
     1         S     1
    1      0.3581514   1.0000000000
     1         P     1
    1      0.3581514   1.0000000000
****
-Ne  0
     1     S         6
    1   8425.8515300   0.0018843480
    2   1268.5194000   0.0143368994
    3    289.6214140   0.0701096233
    4     81.8590040   0.2373732660
    5     26.2515079   0.4730071260
    6      9.0947205   0.3484012410
     1         S     3
    1     26.5321310  -0.1071182870
    2      6.1017550  -0.1461638210
    3      1.6962715   1.1277735000
     1         P     3
    1     26.5321310   0.0719095885
    2      6.1017550   0.3495133720
    3      1.6962715   0.7199405120
     1         S     1
    1      0.4458187   1.0000000000
     1         P     1
    1      0.4458187   1.0000000000
****
-Na  0
     1     S         6
    1   9993.2000000   0.0019376600
    2   1499.8900000   0.0148070000
    3    341.9510000   0.0727055000
    4     94.6796000   0.2526290000
    5     29.7345000   0.4932420000
    6     10.0063000   0.3131690000
     1         S     6
    1    150.9630000  -0.0035420800
    2     35.5878000  -0.0439588000
    3     11.1683000  -0.1097520000
    4      3.9020100   0.1873980000
    5      1.3817700   0.6466990000
    6      0.4663820   0.3060580000
     1         P     6
    1    150.9630000   0.0050016600
    2     35.5878000   0.0355109000
    3     11.1683000   0.1428250000
    4      3.9020100   0.3386200000
    5      1.3817700   0.4515790000
    6      0.4663820   0.2732710000
     1         S     3
    1      0.4979660  -0.2485030000
    2      0.0843529  -0.1317040000
    3      0.0666350   1.2335200000
     1         P     3
    1      0.4979660  -0.0230225000
    2      0.0843529   0.9503590000
    3      0.0666350   0.0598579000
     1         S     1
    1      0.0259544   1.0000000000
     1         P     1
    1      0.0259544   1.0000000000
****
-Mg  0
     1     S         6
    1  11722.8000000   0.0019778300
    2   1759.9300000   0.0151140000
    3    400.8460000   0.0739108000
    4    112.8070000   0.2491910000
    5     35.9997000   0.4879280000
    6     12.1828000   0.3196620000
     1         S     6
    1    189.1800000  -0.0032371700
    2     45.2119000  -0.0410079000
    3     14.3563000  -0.1126000000
    4      5.1388600   0.1486330000
    5      1.9065200   0.6164970000
    6      0.7058870   0.3648290000
     1         P     6
    1    189.1800000   0.0049281300
    2     45.2119000   0.0349888000
    3     14.3563000   0.1407250000
    4      5.1388600   0.3336420000
    5      1.9065200   0.4449400000
    6      0.7058870   0.2692540000
     1         S     3
    1      0.9293400  -0.2122900000
    2      0.2690350  -0.1079850000
    3      0.1173790   1.1758400000
     1         P     3
    1      0.9293400  -0.0224192000
    2      0.2690350   0.1922710000
    3      0.1173790   0.8461810000
     1         S     1
    1      0.0421061   1.0000000000
     1         P     1
    1      0.0421061   1.0000000000
****
-Al  0
     1     S         6
    1  13983.1000000   0.0019426700
    2   2098.7500000   0.0148599000
    3    477.7050000   0.0728494000
    4    134.3600000   0.2468300000
    5     42.8709000   0.4872580000
    6     14.5189000   0.3234960000
     1         S     6
    1    239.6680000  -0.0029261900
    2     57.4419000  -0.0374083000
    3     18.2859000  -0.1144870000
    4      6.5991400   0.1156350000
    5      2.4904900   0.6125950000
    6      0.9445450   0.3937990000
     1         P     6
    1    239.6680000   0.0046028500
    2     57.4419000   0.0331990000
    3     18.2859000   0.1362820000
    4      6.5991400   0.3304760000
    5      2.4904900   0.4491460000
    6      0.9445450   0.2657040000
     1         S     3
    1      1.2779000  -0.2276060000
    2      0.3975900   0.0014458300
    3      0.1600950   1.0927900000
     1         P     3
    1      1.2779000  -0.0175126000
    2      0.3975900   0.2445330000
    3      0.1600950   0.8049340000
     1         S     1
    1      0.0556577   1.0000000000
     1         P     1
    1      0.0556577   1.0000000000
****
-Si  0
     1     S         6
    1  16115.9000000   0.0019594800
    2   2425.5800000   0.0149288000
    3    553.8670000   0.0728478000
    4    156.3400000   0.2461300000
    5     50.0683000   0.4859140000
    6     17.0178000   0.3250020000
     1         S     6
    1    292.7180000  -0.0027809400
    2     69.8731000  -0.0357146000
    3     22.3363000  -0.1149850000
    4      8.1503900   0.0935634000
    5      3.1345800   0.6030170000
    6      1.2254300   0.4189590000
     1         P     6
    1    292.7180000   0.0044382600
    2     69.8731000   0.0326679000
    3     22.3363000   0.1347210000
    4      8.1503900   0.3286780000
    5      3.1345800   0.4496400000
    6      1.2254300   0.2613720000
     1         S     3
    1      1.7273800  -0.2446300000
    2      0.5729220   0.0043157200
    3      0.2221920   1.0981800000
     1         P     3
    1      1.7273800  -0.0177951000
    2      0.5729220   0.2535390000
    3      0.2221920   0.8006690000
     1         S     1
    1      0.0778369   1.0000000000
     1         P     1
    1      0.0778369   1.0000000000
****
-P   0
     1     S         6
    1  19413.3000000   0.0018516000
    2   2909.4200000   0.0142062000
    3    661.3640000   0.0699995000
    4    185.7590000   0.2400790000
    5     59.1943000   0.4847620000
    6     20.0310000   0.3352000000
     1         S     6
    1    339.4780000  -0.0027821700
    2     81.0101000  -0.0360499000
    3     25.8780000  -0.1166310000
    4      9.4522100   0.0968328000
    5      3.6656600   0.6144180000
    6      1.4674600   0.4037980000
     1         P     6
    1    339.4780000   0.0045646200
    2     81.0101000   0.0336936000
    3     25.8780000   0.1397550000
    4      9.4522100   0.3393620000
    5      3.6656600   0.4509210000
    6      1.4674600   0.2385860000
     1         S     3
    1      2.1562300  -0.2529230000
    2      0.7489970   0.0328517000
    3      0.2831450   1.0812500000
     1         P     3
    1      2.1562300  -0.0177653000
    2      0.7489970   0.2740580000
    3      0.2831450   0.7854210000
     1         S     1
    1      0.0998317   1.0000000000
     1         P     1
    1      0.0998317   1.0000000000
****
-S   0
     1     S         6
    1  21917.1000000   0.0018692400
    2   3301.4900000   0.0142303000
    3    754.1460000   0.0696962000
    4    212.7110000   0.2384870000
    5     67.9896000   0.4833070000
    6     23.0515000   0.3380740000
     1         S     6
    1    423.7350000  -0.0023767700
    2    100.7100000  -0.0316930000
    3     32.1599000  -0.1133170000
    4     11.8079000   0.0560900000
    5      4.6311000   0.5922550000
    6      1.8702500   0.4550060000
     1         P     6
    1    423.7350000   0.0040610100
    2    100.7100000   0.0306813000
    3     32.1599000   0.1304520000
    4     11.8079000   0.3272050000
    5      4.6311000   0.4528510000
    6      1.8702500   0.2560420000
     1         S     3
    1      2.6158400  -0.2503740000
    2      0.9221670   0.0669570000
    3      0.3412870   1.0545100000
     1         P     3
    1      2.6158400  -0.0145105000
    2      0.9221670   0.3102630000
    3      0.3412870   0.7544830000
     1         S     1
    1      0.1171670   1.0000000000
     1         P     1
    1      0.1171670   1.0000000000
****
-Cl  0
     1     S         6
    1  25180.1000000   0.0018329600
    2   3780.3500000   0.0140342000
    3    860.4740000   0.0690974000
    4    242.1450000   0.2374520000
    5     77.3349000   0.4830340000
    6     26.2470000   0.3398560000
     1         S     6
    1    491.7650000  -0.0022973900
    2    116.9840000  -0.0307137000
    3     37.4153000  -0.1125280000
    4     13.7834000   0.0450163000
    5      5.4521500   0.5893530000
    6      2.2258800   0.4652060000
     1         P     6
    1    491.7650000   0.0039894000
    2    116.9840000   0.0303177000
    3     37.4153000   0.1298800000
    4     13.7834000   0.3279510000
    5      5.4521500   0.4535270000
    6      2.2258800   0.2521540000
     1         S     3
    1      3.1864900  -0.2518270000
    2      1.1442700   0.0615890000
    3      0.4203770   1.0601800000
     1         P     3
    1      3.1864900  -0.0142993000
    2      1.1442700   0.3235720000
    3      0.4203770   0.7435070000
     1         S     1
    1      0.1426570   1.0000000000
     1         P     1
    1      0.1426570   1.0000000000
****
-Ar  0
     1     S         6
    1  28348.3000000   0.0018252600
    2   4257.6200000   0.0139686000
    3    969.8570000   0.0687073000
    4    273.2630000   0.2362040000
    5     87.3695000   0.4822140000
    6     29.6867000   0.3420430000
     1         S     6
    1    575.8910000  -0.0021597200
    2    136.8160000  -0.0290775000
    3     43.8098000  -0.1108270000
    4     16.2094000   0.0276999000
    5      6.4608400   0.5776130000
    6      2.6511400   0.4886880000
     1         P     6
    1    575.8910000   0.0038066500
    2    136.8160000   0.0292305000
    3     43.8098000   0.1264670000
    4     16.2094000   0.3235100000
    5      6.4608400   0.4548960000
    6      2.6511400   0.2566300000
     1         S     3
    1      3.8602800  -0.2555920000
    2      1.4137300   0.0378066000
    3      0.5166460   1.0805600000
     1         P     3
    1      3.8602800  -0.0159197000
    2      1.4137300   0.3246460000
    3      0.5166460   0.7439900000
     1         S     1
    1      0.1738880   1.0000000000
     1         P     1
    1      0.1738880   1.0000000000
****
-K   0
     1     S         6
    1  31594.4200000   0.0018280100
    2   4744.3300000   0.0139940300
    3   1080.4190000   0.0688712900
    4    304.2338000   0.2369760000
    5     97.2458600   0.4829040000
    6     33.0249500   0.3404795000
     1         S     6
    1    622.7625000  -0.0025029760
    2    147.8839000  -0.0331555000
    3     47.3273500  -0.1226387000
    4     17.5149500   0.0535364300
    5      6.9227220   0.6193860000
    6      2.7682770   0.4345878000
     1         P     6
    1    622.7625000   0.0040946370
    2    147.8839000   0.0314519900
    3     47.3273500   0.1351558000
    4     17.5149500   0.3390500000
    5      6.9227220   0.4629455000
    6      2.7682770   0.2242638000
     1         S     6
    1     11.8480200   0.0127768900
    2      4.0792110   0.2098767000
    3      1.7634810  -0.0030952740
    4      0.7889270  -0.5593884000
    5      0.3503870  -0.5134760000
    6      0.1463440  -0.0659803500
     1         P     6
    1     11.8480200  -0.0122137700
    2      4.0792110  -0.0069005370
    3      1.7634810   0.2007466000
    4      0.7889270   0.4281332000
    5      0.3503870   0.3970156000
    6      0.1463440   0.1104718000
     1         S     3
    1      0.7168010  -0.0523777200
    2      0.2337410  -0.2798503000
    3      0.0386750   1.1415470000
     1         P     3
    1      0.7168010   0.0316430000
    2      0.2337410  -0.0404616000
    3      0.0386750   1.0120290000
     1         S     1
    1      0.0165210   1.0000000000
     1         P     1
    1      0.0165210   1.0000000000
****
-Ca  0
     1     S         6
    1  35264.8600000   0.0018135010
    2   5295.5030000   0.0138849300
    3   1206.0200000   0.0683616200
    4    339.6839000   0.2356188000
    5    108.6264000   0.4820639000
    6     36.9210300   0.3429819000
     1         S     6
    1    706.3096000   0.0024482250
    2    167.8187000   0.0324150400
    3     53.8255800   0.1226219000
    4     20.0163800  -0.0431696500
    5      7.9702790  -0.6126995000
    6      3.2120590  -0.4487540000
     1         P     6
    1    706.3096000   0.0040203710
    2    167.8187000   0.0310060100
    3     53.8255800   0.1337279000
    4     20.0163800   0.3367983000
    5      7.9702790   0.4631281000
    6      3.2120590   0.2257532000
     1         S     6
    1     14.1951800   0.0108450000
    2      4.8808280   0.2088333000
    3      2.1603900   0.0315033800
    4      0.9878990  -0.5526518000
    5      0.4495170  -0.5437997000
    6      0.1873870  -0.0666934200
     1         P     6
    1     14.1951800  -0.0128962100
    2      4.8808280  -0.0102519800
    3      2.1603900   0.1959781000
    4      0.9878990   0.4357933000
    5      0.4495170   0.3996452000
    6      0.1873870   0.0971363600
     1         S     3
    1      1.0322710  -0.0443972000
    2      0.3811710  -0.3284563000
    3      0.0651310   1.1630100000
     1         P     3
    1      1.0322710  -0.4298621000
    2      0.3811710   0.0069358290
    3      0.0651310   0.9705933000
     1         S     1
    1      0.0260100   1.0000000000
     1         P     1
    1      0.0260100   1.0000000000
****
-Sc  0
     1     S         6
    1  39088.9800000   0.0018032630
    2   5869.7920000   0.0138076900
    3   1336.9100000   0.0680039600
    4    376.6031000   0.2347099000
    5    120.4679000   0.4815690000
    6     40.9803200   0.3445652000
     1         S     6
    1    786.2852000   0.0024518630
    2    186.8870000   0.0325957900
    3     60.0093500   0.1238242000
    4     22.2588300  -0.0435989000
    5      8.8851490  -0.6177181000
    6      3.6092110  -0.4432823000
     1         P     6
    1    786.2852000   0.0040395300
    2    186.8870000   0.0312257000
    3     60.0093500   0.1349833000
    4     22.2588300   0.3424793000
    5      8.8851490   0.4623113000
    6      3.6092110   0.2177524000
     1         S     6
    1     29.8435500  -0.0025863020
    2      9.5423830   0.0718842400
    3      4.0567900   0.2503260000
    4      1.7047030  -0.2991003000
    5      0.7062340  -0.7446818000
    6      0.2795360  -0.1799776000
     1         P     6
    1     29.8435500  -0.0060966520
    2      9.5423830  -0.0262888400
    3      4.0567900   0.0509100100
    4      1.7047030   0.3798097000
    5      0.7062340   0.5170883000
    6      0.2795360   0.1829772000
     1         S     3
    1      1.0656090   0.0648297800
    2      0.4259330   0.3253756000
    3      0.0763200  -1.1708060000
     1         P     3
    1      1.0656090  -0.2938440000
    2      0.4259330   0.0923532300
    3      0.0763200   0.9847930000
     1         S     1
    1      0.0295940   1.0000000000
     1         P     1
    1      0.0295940   1.0000000000
     1     D         3
    1     11.1470100   0.0874767200
    2      2.8210430   0.3795635000
    3      0.8196200   0.7180393000
     1     D         1
    1      0.2214680   1.0000000000
****
-Ti  0
     1     S         6
    1  43152.9500000   0.0017918720
    2   6479.5710000   0.0137239200
    3   1475.6750000   0.0676283000
    4    415.6991000   0.2337642000
    5    133.0006000   0.4810696000
    6     45.2722200   0.3462280000
     1         S     6
    1    874.6826000   0.0024310080
    2    207.9785000   0.0323302700
    3     66.8791800   0.1242520000
    4     24.8734700  -0.0390390500
    5      9.9684410  -0.6171789000
    6      4.0638260  -0.4473097000
     1         P     6
    1    874.6826000   0.0040176790
    2    207.9785000   0.0311396600
    3     66.8791800   0.1349077000
    4     24.8734700   0.3431672000
    5      9.9684410   0.4625760000
    6      4.0638260   0.2154603000
     1         S     6
    1     33.6436300  -0.0029403580
    2     10.8756500   0.0716310300
    3      4.6282250   0.2528915000
    4      1.9501260  -0.2966401000
    5      0.8094520  -0.7432215000
    6      0.3204740  -0.1853520000
     1         P     6
    1     33.6436300  -0.0063116200
    2     10.8756500  -0.0269763800
    3      4.6282250   0.0531684700
    4      1.9501260   0.3845549000
    5      0.8094520   0.5127662000
    6      0.3204740   0.1811135000
     1         S     3
    1      1.2241480   0.0635146500
    2      0.4842630   0.3151404000
    3      0.0840960  -1.1625950000
     1         P     3
    1      1.2241480  -0.2112070000
    2      0.4842630   0.0777199800
    3      0.0840960   0.9898214000
     1         S     1
    1      0.0320360   1.0000000000
     1         P     1
    1      0.0320360   1.0000000000
     1     D         3
    1     13.6908500   0.0858941800
    2      3.5131540   0.3784671000
    3      1.0404340   0.7161239000
     1     D         1
    1      0.2869620   1.0000000000
****
-V   0
     1     S         6
    1  47354.3300000   0.0017845130
    2   7110.7870000   0.0136675400
    3   1619.5910000   0.0673612200
    4    456.3379000   0.2330552000
    5    146.0606000   0.4806316000
    6     49.7579100   0.3474802000
     1         S     6
    1    968.1484000   0.0024105990
    2    230.2821000   0.0320724300
    3     74.1459100   0.1245942000
    4     27.6410700  -0.0348217700
    5     11.1147500  -0.6167374000
    6      4.5431130  -0.4509844000
     1         P     6
    1    968.1484000   0.0039950050
    2    230.2821000   0.0310406100
    3     74.1459100   0.1347747000
    4     27.6410700   0.3437279000
    5     11.1147500   0.4628759000
    6      4.5431130   0.2135547000
     1         S     6
    1     37.6405000  -0.0032331990
    2     12.2823800   0.0713074400
    3      5.2333660   0.2543820000
    4      2.2089500  -0.2933887000
    5      0.9178800  -0.7415695000
    6      0.3634120  -0.1909410000
     1         P     6
    1     37.6405000  -0.0064940560
    2     12.2823800  -0.0275345300
    3      5.2333660   0.0551628400
    4      2.2089500   0.3879672000
    5      0.9178800   0.5090258000
    6      0.3634120   0.1803840000
     1         S     3
    1      1.3927810   0.0613970300
    2      0.5439130   0.3061130000
    3      0.0914760  -1.1548900000
     1         P     3
    1      1.3927810  -0.1891265000
    2      0.5439130   0.0800545300
    3      0.0914760   0.9877399000
     1         S     1
    1      0.0343120   1.0000000000
     1         P     1
    1      0.0343120   1.0000000000
     1     D         3
    1     16.0502500   0.0859989900
    2      4.1600630   0.3802996000
    3      1.2432650   0.7127659000
     1     D         1
    1      0.3442770   1.0000000000
****
-Cr  0
     1     S         6
    1  51789.8100000   0.0017761820
    2   7776.8490000   0.0136047600
    3   1771.3850000   0.0670692500
    4    499.1588000   0.2323104000
    5    159.7982000   0.4802410000
    6     54.4702100   0.3487653000
     1         S     6
    1   1064.3280000   0.0023996690
    2    253.2138000   0.0319488600
    3     81.6092400   0.1250868000
    4     30.4819300  -0.0322186600
    5     12.2943900  -0.6172284000
    6      5.0377220  -0.4525936000
     1         P     6
    1   1064.3280000   0.0039869970
    2    253.2138000   0.0310466200
    3     81.6092400   0.1350518000
    4     30.4819300   0.3448865000
    5     12.2943900   0.4628571000
    6      5.0377220   0.2110426000
     1         S     6
    1     41.5629100  -0.0034542160
    2     13.6762700   0.0721842800
    3      5.8443900   0.2544820000
    4      2.4716090  -0.2934534000
    5      1.0283080  -0.7385455000
    6      0.4072500  -0.1947157000
     1         P     6
    1     41.5629100  -0.0067224970
    2     13.6762700  -0.0280647100
    3      5.8443900   0.0582002800
    4      2.4716090   0.3916988000
    5      1.0283080   0.5047823000
    6      0.4072500   0.1790290000
     1         S     3
    1      1.5714640   0.0589221900
    2      0.6055800   0.2976055000
    3      0.0985610  -1.1475060000
     1         P     3
    1      1.5714640  -0.1930100000
    2      0.6055800   0.0960562000
    3      0.0985610   0.9817609000
     1         S     1
    1      0.0364590   1.0000000000
     1         P     1
    1      0.0364590   1.0000000000
     1     D         3
    1     18.4193000   0.0865081600
    2      4.8126610   0.3826699000
    3      1.4464470   0.7093772000
     1     D         1
    1      0.4004130   1.0000000000
****
-Mn  0
     1     S         6
    1  56347.1400000   0.0017715800
    2   8460.9430000   0.0135708100
    3   1927.3250000   0.0669060500
    4    543.2343000   0.2318541000
    5    173.9905000   0.4799046000
    6     59.3600500   0.3495737000
     1         S     6
    1   1165.4120000   0.0023887510
    2    277.3276000   0.0318170800
    3     89.4727800   0.1254670000
    4     33.4825600  -0.0295543100
    5     13.5403700  -0.6175160000
    6      5.5579720  -0.4544458000
     1         P     6
    1   1165.4120000   0.0039773180
    2    277.3276000   0.0310311200
    3     89.4727800   0.1351894000
    4     33.4825600   0.3457387000
    5     13.5403700   0.4629205000
    6      5.5579720   0.2090592000
     1         S     6
    1     45.8353200  -0.0036658560
    2     15.1877700   0.0723197100
    3      6.5007100   0.2544486000
    4      2.7515830  -0.2910380000
    5      1.1454040  -0.7359860000
    6      0.4536870  -0.1997617000
     1         P     6
    1     45.8353200  -0.0068875780
    2     15.1877700  -0.0284681600
    3      6.5007100   0.0603183200
    4      2.7515830   0.3938961000
    5      1.1454040   0.5013769000
    6      0.4536870   0.1792264000
     1         S     3
    1      1.7579990   0.0562857200
    2      0.6670220   0.2897491000
    3      0.1051290  -1.1406530000
     1         P     3
    1      1.7579990  -0.5035024000
    2      0.6670220   0.2345011000
    3      0.1051290   0.9141257000
     1         S     1
    1      0.0384180   1.0000000000
     1         P     1
    1      0.0384180   1.0000000000
     1     D         3
    1     20.9435500   0.0867270200
    2      5.5104860   0.3841883000
    3      1.6650380   0.7069071000
     1     D         1
    1      0.4617330   1.0000000000
****
-Fe  0
     1     S         6
    1  61132.6200000   0.0017661110
    2   9179.3420000   0.0135303800
    3   2090.8570000   0.0667312800
    4    589.2479000   0.2314823000
    5    188.7543000   0.4797058000
    6     64.4462900   0.3501976000
     1         S     6
    1   1259.9800000   0.0024380140
    2    299.8761000   0.0322404800
    3     96.8491700   0.1265724000
    4     36.3102000  -0.0313990200
    5     14.7299600  -0.6207593000
    6      6.0660750  -0.4502914000
     1         P     6
    1   1259.9800000   0.0040280190
    2    299.8761000   0.0314464700
    3     96.8491700   0.1368317000
    4     36.3102000   0.3487236000
    5     14.7299600   0.4617931000
    6      6.0660750   0.2043058000
     1         S     6
    1     50.4348500  -0.0038732560
    2     16.8392900   0.0719659800
    3      7.1920860   0.2556591000
    4      3.0534200  -0.2882837000
    5      1.2736430  -0.7342822000
    6      0.5040910  -0.2049353000
     1         P     6
    1     50.4348500  -0.0070171280
    2     16.8392900  -0.0287766000
    3      7.1920860   0.0618138300
    4      3.0534200   0.3954946000
    5      1.2736430   0.4989059000
    6      0.5040910   0.1791251000
     1         S     3
    1      1.9503160   0.0569486900
    2      0.7367210   0.2882915000
    3      0.1141770  -1.1381590000
     1         P     3
    1      1.9503160  -0.4593796000
    2      0.7367210   0.2852139000
    3      0.1141770   0.9076485000
     1         S     1
    1      0.0411480   1.0000000000
     1         P     1
    1      0.0411480   1.0000000000
     1     D         3
    1     23.1499400   0.0887693500
    2      6.1223680   0.3896319000
    3      1.8466010   0.7014816000
     1     D         1
    1      0.5043610   1.0000000000
****
-Co  0
     1     S         6
    1  66148.9900000   0.0017597870
    2   9933.0770000   0.0134816200
    3   2262.8160000   0.0664934200
    4    637.9154000   0.2307939000
    5    204.4122000   0.4792919000
    6     69.8253800   0.3514097000
     1         S     6
    1   1378.8410000   0.0023762760
    2    328.2694000   0.0316745000
    3    106.0946000   0.1262888000
    4     39.8327500  -0.0258455200
    5     16.1862200  -0.6183491000
    6      6.6677880  -0.4567008000
     1         P     6
    1   1378.8410000   0.0039714880
    2    328.2694000   0.0310817400
    3    106.0946000   0.1357439000
    4     39.8327500   0.3476827000
    5     16.1862200   0.4626340000
    6      6.6677880   0.2051632000
     1         S     6
    1     54.5235500  -0.0039930040
    2     18.2978300   0.0740966300
    3      7.8673480   0.2542000000
    4      3.3405340  -0.2921657000
    5      1.3937560  -0.7318703000
    6      0.5513260  -0.2040784000
     1         P     6
    1     54.5235500  -0.0072907720
    2     18.2978300  -0.0292602700
    3      7.8673480   0.0656415000
    4      3.3405340   0.4000652000
    5      1.3937560   0.4950236000
    6      0.5513260   0.1758240000
     1         S     3
    1      2.1519470   0.0537984300
    2      0.8110630   0.2759971000
    3      0.1210170  -1.1296920000
     1         P     3
    1      2.1519470  -0.2165496000
    2      0.8110630   0.1240488000
    3      0.1210170   0.9724064000
     1         S     1
    1      0.0430370   1.0000000000
     1         P     1
    1      0.0430370   1.0000000000
     1     D         3
    1     25.5930600   0.0900474800
    2      6.8009900   0.3931703000
    3      2.0516470   0.6976844000
     1     D         1
    1      0.5556710   1.0000000000
****
-Ni  0
     1     S         6
    1  71396.3500000   0.0017530030
    2  10720.8400000   0.0134312200
    3   2442.1290000   0.0662704100
    4    688.4265000   0.2302508000
    5    220.6153000   0.4790186000
    6     75.3937300   0.3523444000
     1         S     6
    1   1492.5320000   0.0023707140
    2    355.4013000   0.0316056600
    3    114.9534000   0.1266335000
    4     43.2204300  -0.0241703700
    5     17.5971000  -0.6187775000
    6      7.2577650  -0.4576770000
     1         P     6
    1   1492.5320000   0.0039675540
    2    355.4013000   0.0310947900
    3    114.9534000   0.1359517000
    4     43.2204300   0.3485136000
    5     17.5971000   0.4625498000
    6      7.2577650   0.2035186000
     1         S     6
    1     59.3526100  -0.0041620020
    2     20.0218100   0.0742511100
    3      8.6145610   0.2541360000
    4      3.6605310  -0.2903477000
    5      1.5281110  -0.7302121000
    6      0.6040570  -0.2076057000
     1         P     6
    1     59.3526100  -0.0074214520
    2     20.0218100  -0.0295341000
    3      8.6145610   0.0673185200
    4      3.6605310   0.4016660000
    5      1.5281110   0.4926623000
    6      0.6040570   0.1756893000
     1         S     3
    1      2.3792760   0.0515788800
    2      0.8858390   0.2707611000
    3      0.1285290  -1.1247700000
     1         P     3
    1      2.3792760  -0.1887663000
    2      0.8858390   0.1015199000
    3      0.1285290   0.9790906000
     1         S     1
    1      0.0451950   1.0000000000
     1         P     1
    1      0.0451950   1.0000000000
     1     D         3
    1     28.1914700   0.0909888100
    2      7.5235840   0.3958208000
    3      2.2712280   0.6947154000
     1     D         1
    1      0.6116030   1.0000000000
****
-Cu  0
     1     S         6
    1  76794.3800000   0.0017481610
    2  11530.7000000   0.0133960200
    3   2626.5750000   0.0661088500
    4    740.4903000   0.2298265000
    5    237.3528000   0.4787675000
    6     81.1581800   0.3530739000
     1         S     6
    1   1610.8140000   0.0023640550
    2    383.6367000   0.0315363500
    3    124.1733000   0.1269452000
    4     46.7467800  -0.0226284000
    5     19.0656900  -0.6192080000
    6      7.8715670  -0.4585393000
     1         P     6
    1   1610.8140000   0.0039633070
    2    383.6367000   0.0311022300
    3    124.1733000   0.1361350000
    4     46.7467800   0.3492914000
    5     19.0656900   0.4624780000
    6      7.8715670   0.2020102000
     1         S     6
    1     64.4573200  -0.0043310750
    2     21.8521200   0.0741230700
    3      9.4053430   0.2542108000
    4      3.9991680  -0.2874843000
    5      1.6702970  -0.7291436000
    6      0.6596270  -0.2113951000
     1         P     6
    1     64.4573200  -0.0075237250
    2     21.8521200  -0.0297568700
    3      9.4053430   0.0684965400
    4      3.9991680   0.4027141000
    5      1.6702970   0.4908490000
    6      0.6596270   0.1759268000
     1         S     3
    1      2.6000880   0.0502757700
    2      0.9630940   0.2650040000
    3      0.1361610  -1.1201550000
     1         P     3
    1      2.6000880  -0.1702911000
    2      0.9630940   0.0931013300
    3      0.1361610   0.9814336000
     1         S     1
    1      0.0473320   1.0000000000
     1         P     1
    1      0.0473320   1.0000000000
     1     D         3
    1     30.8534100   0.0919990500
    2      8.2649850   0.3985021000
    3      2.4953320   0.6917897000
     1     D         1
    1      0.6676580   1.0000000000
****
-Zn  0
     1     S         6
    1  82400.9400000   0.0017433290
    2  12372.5500000   0.0133596600
    3   2818.3510000   0.0659436500
    4    794.5717000   0.2294151000
    5    254.7232000   0.4785453000
    6     87.1388000   0.3537753000
     1         S     6
    1   1732.5690000   0.0023614590
    2    412.7149000   0.0315017700
    3    133.6780000   0.1272774000
    4     50.3858500  -0.0214592800
    5     20.5835800  -0.6197652000
    6      8.5059400  -0.4590180000
     1         P     6
    1   1732.5690000   0.0039631250
    2    412.7149000   0.0311341100
    3    133.6780000   0.1363931000
    4     50.3858500   0.3501266000
    5     20.5835800   0.4623179000
    6      8.5059400   0.2004995000
     1         S     6
    1     69.3649200  -0.0044400980
    2     23.6208200   0.0750525300
    3     10.1847100   0.2533111000
    4      4.3340820  -0.2881897000
    5      1.8109180  -0.7267052000
    6      0.7148410  -0.2133439000
     1         P     6
    1     69.3649200  -0.0076892620
    2     23.6208200  -0.0299798200
    3     10.1847100   0.0708241100
    4      4.3340820   0.4046141000
    5      1.8109180   0.4882325000
    6      0.7148410   0.1751970000
     1         S     3
    1      2.8238420   0.0489854300
    2      1.0395430   0.2592793000
    3      0.1432640  -1.1157110000
     1         P     3
    1      2.8238420  -0.1586763000
    2      1.0395430   0.0837932700
    3      0.1432640   0.9840547000
     1         S     1
    1      0.0492960   1.0000000000
     1         P     1
    1      0.0492960   1.0000000000
     1     D         3
    1     33.7076400   0.0926264800
    2      9.0611060   0.4002980000
    3      2.7383830   0.6896608000
     1     D         1
    1      0.7302940   1.0000000000
****
-Ga  0
     1     S         8
    1 457600.0000000   0.0002208800
    2  68470.0000000   0.0017224000
    3  15590.0000000   0.0088661000
    4   4450.0000000   0.0359190000
    5   1472.0000000   0.1144600000
    6    541.3000000   0.2816300000
    7    214.8000000   0.4481000000
    8     88.8100000   0.2955200000
     1     S         2
    1     27.1800000   0.4802500000
    2     11.5400000   1.1478000000
     1     S         1
    1      3.3030000   1.0000000000
     1     S         1
    1      1.3340000   1.0000000000
     1     S         1
    1      0.1947000   1.0000000000
     1     S         1
    1      0.0715800   1.0000000000
     1     P         6
    1   3274.0000000   0.0014743000
    2    765.4000000   0.0132700000
    3    241.6000000   0.0653840000
    4     89.3900000   0.2296100000
    5     36.3600000   0.3992900000
    6     15.6000000   0.4359300000
     1     P         3
    1      6.4720000   0.2610500000
    2      2.7480000   0.4834700000
    3      1.0900000   0.2872100000
     1     P         1
    1      0.2202000   1.0000000000
     1     P         1
    1      0.0613000   1.0000000000
     1     D         5
    1     59.6600000   0.0319600000
    2     17.1000000   0.1635800000
    3      6.0300000   0.3672000000
    4      2.1710000   0.4570400000
    5      0.6844000   0.3047700000
****
-Ge  0
     1     S         8
    1 489000.0000000   0.0002220000
    2  73100.0000000   0.0017280000
    3  16640.0000000   0.0089500000
    4   4742.0000000   0.0359050000
    5   1569.0000000   0.1128400000
    6    577.0000000   0.2874800000
    7    229.0000000   0.4344900000
    8     94.8100000   0.3068300000
     1     S         2
    1     29.2200000   0.4775900000
    2     12.4500000   1.1144500000
     1     S         1
    1      3.6420000   1.0000000000
     1     S         1
    1      1.5020000   1.0000000000
     1     S         1
    1      0.2462000   1.0000000000
     1     S         1
    1      0.0920900   1.0000000000
     1     P         6
    1   3596.0000000   0.0014420000
    2    843.7000000   0.0124420000
    3    266.2000000   0.0646940000
    4     98.2800000   0.2186650000
    5     39.9300000   0.3933500000
    6     17.1400000   0.4345300000
     1     P         3
    1      7.1570000   0.2499750000
    2      3.0680000   0.4693800000
    3      1.2460000   0.2889600000
     1     P         1
    1      0.2795000   1.0000000000
     1     P         1
    1      0.0834000   1.0000000000
     1     D         5
    1     70.1800000   0.0287700000
    2     20.0700000   0.1552500000
    3      7.0590000   0.3681400000
    4      2.5530000   0.4657800000
    5      0.8301000   0.2864800000
****
-As  0
     1     S         8
    1 526200.0000000   0.0002200000
    2  78310.0000000   0.0017200000
    3  17800.0000000   0.0088900000
    4   5070.0000000   0.0353500000
    5   1677.0000000   0.1122600000
    6    617.0000000   0.2862500000
    7    245.0000000   0.4340600000
    8    101.5000000   0.3088000000
     1     S         2
    1     31.3900000   0.4729900000
    2     13.4300000   1.1237500000
     1     S         1
    1      4.0000000   1.0000000000
     1     S         1
    1      1.6830000   1.0000000000
     1     S         1
    1      0.3003000   1.0000000000
     1     S         1
    1      0.1137000   1.0000000000
     1     P         6
    1   3909.0000000   0.0013300000
    2    924.0000000   0.0114000000
    3    291.8000000   0.0598100000
    4    107.5000000   0.2051100000
    5     43.6200000   0.3743200000
    6     18.7300000   0.4214100000
     1     P         3
    1      7.8410000   0.2190100000
    2      3.3910000   0.4295500000
    3      1.4050000   0.2640000000
     1     P         1
    1      0.3441000   1.0000000000
     1     P         1
    1      0.1068000   1.0000000000
     1     D         5
    1     81.5900000   0.0255800000
    2     23.2600000   0.1449200000
    3      8.1480000   0.3604400000
    4      2.9540000   0.4625500000
    5      0.9827000   0.2681300000
****
-Se  0
     1     S         8
    1 560600.0000000   0.0002200000
    2  84010.0000000   0.0017000000
    3  19030.0000000   0.0088300000
    4   5419.0000000   0.0350800000
    5   1792.0000000   0.1126600000
    6    659.5000000   0.2847100000
    7    262.0000000   0.4334800000
    8    108.6000000   0.3114000000
     1     S         2
    1     33.6600000   0.4682300000
    2     14.4500000   1.0926100000
     1     S         1
    1      4.3780000   1.0000000000
     1     S         1
    1      1.8760000   1.0000000000
     1     S         1
    1      0.3592000   1.0000000000
     1     S         1
    1      0.1367000   1.0000000000
     1     P         6
    1   4114.0000000   0.0011700000
    2    980.4000000   0.0098500000
    3    310.7000000   0.0517700000
    4    114.2000000   0.1786900000
    5     46.2600000   0.3250400000
    6     19.8700000   0.3608900000
     1     P         3
    1      8.3090000   0.2148800000
    2      3.5980000   0.3962900000
    3      1.5220000   0.2250800000
     1     P         1
    1      0.4032000   1.0000000000
     1     P         1
    1      0.1231000   1.0000000000
     1     D         5
    1     94.0300000   0.0206300000
    2     26.7900000   0.1222700000
    3      9.3360000   0.3197200000
    4      3.3830000   0.4173800000
    5      1.1450000   0.2318400000
****
-Br  0
     1     S         8
    1 574300.0000000   0.0002204000
    2  89070.0000000   0.0016871000
    3  20210.0000000   0.0087457000
    4   5736.0000000   0.0355970000
    5   1899.0000000   0.1135200000
    6    698.7000000   0.2797300000
    7    277.8000000   0.4493800000
    8    115.2000000   0.3002300000
     1     S         2
    1     35.9700000   0.4572600000
    2     15.5000000   1.2297800000
     1     S         1
    1      4.7710000   1.0000000000
     1     S         1
    1      2.0770000   1.0000000000
     1     S         1
    1      0.4211000   1.0000000000
     1     S         1
    1      0.1610000   1.0000000000
     1     P         6
    1   4406.0000000   0.0013766000
    2   1042.0000000   0.0122070000
    3    332.1000000   0.0601900000
    4    121.9000000   0.2237000000
    5     49.2400000   0.4004700000
    6     21.1600000   0.4445800000
     1     P         3
    1      8.8360000   0.2724500000
    2      3.8290000   0.4946900000
    3      1.6430000   0.2568400000
     1     P         1
    1      0.4650000   1.0000000000
     1     P         1
    1      0.1427000   1.0000000000
     1     D         5
    1    108.4000000   0.0215210000
    2     30.7100000   0.1337600000
    3     10.6600000   0.3667300000
    4      3.8510000   0.4903700000
    5      1.3170000   0.2674900000
****
-Kr  0
     1     S         8
    1 605700.0000000   0.0002299700
    2  90300.0000000   0.0017432000
    3  20920.0000000   0.0090459000
    4   5889.0000000   0.0369010000
    5   1950.0000000   0.1174300000
    6    718.2000000   0.2861700000
    7    285.4000000   0.4540800000
    8    118.6000000   0.2850100000
     1     S         2
    1     38.1600000   0.4646500000
    2     16.4500000   1.2444800000
     1     S         1
    1      5.2110000   1.0000000000
     1     S         1
    1      2.2910000   1.0000000000
     1     S         1
    1      0.4837000   1.0000000000
     1     S         1
    1      0.1855000   1.0000000000
     1     P         6
    1   4678.0000000   0.0013437000
    2   1120.0000000   0.0118210000
    3    357.1000000   0.0582770000
    4    131.4000000   0.2185400000
    5     52.8600000   0.3975700000
    6     22.7000000   0.4411900000
     1     P         3
    1      9.5470000   0.2688700000
    2      4.1670000   0.4938100000
    3      1.8110000   0.2506900000
     1     P         1
    1      0.5337000   1.0000000000
     1     P         1
    1      0.1654000   1.0000000000
     1     D         5
    1    125.6000000   0.0156950000
    2     35.3100000   0.1030100000
    3     12.1500000   0.2996800000
    4      4.3500000   0.4117100000
    5      1.4940000   0.2154800000
****
