-H   0
     1     S         3
    1     13.0100000   0.0196850000
    2      1.9620000   0.1379770000
    3      0.4446000   0.4781480000
     1     S         1
    1      0.1220000   1.0000000000
     1     P         1
    1      0.7270000   1.0000000000
     1     S         1
    1      0.0297400   1.0000000000
     1     P         1
    1      0.1410000   1.0000000000
****
-B   0
     1     S         8
    1   4570.0000000   0.0006960000
    2    685.9000000   0.0053530000
    3    156.5000000   0.0271340000
    4     44.4700000   0.1013800000
    5     14.4800000   0.2720550000
    6      5.1310000   0.4484030000
    7      1.8980000   0.2901230000
    8      0.3329000   0.0143220000
     1     S         8
    1   4570.0000000  -0.0001390000
    2    685.9000000  -0.0010970000
    3    156.5000000  -0.0054440000
    4     44.4700000  -0.0219160000
    5     14.4800000  -0.0597510000
    6      5.1310000  -0.1387320000
    7      1.8980000  -0.1314820000
    8      0.3329000   0.5395260000
     1     S         1
    1      0.1043000   1.0000000000
     1     P         3
    1      6.0010000   0.0354810000
    2      1.2410000   0.1980720000
    3      0.3364000   0.5052300000
     1     P         1
    1      0.0953800   1.0000000000
     1     D         1
    1      0.3430000   1.0000000000
     1     S         1
    1      0.0310500   1.0000000000
     1     P         1
    1      0.0237800   1.0000000000
     1     D         1
    1      0.0904000   1.0000000000
****
-C   0
     1     S         8
    1   6665.0000000   0.0006920000
    2   1000.0000000   0.0053290000
    3    228.0000000   0.0270770000
    4     64.7100000   0.1017180000
    5     21.0600000   0.2747400000
    6      7.4950000   0.4485640000
    7      2.7970000   0.2850740000
    8      0.5215000   0.0152040000
     1     S         8
    1   6665.0000000  -0.0001460000
    2   1000.0000000  -0.0011540000
    3    228.0000000  -0.0057250000
    4     64.7100000  -0.0233120000
    5     21.0600000  -0.0639550000
    6      7.4950000  -0.1499810000
    7      2.7970000  -0.1272620000
    8      0.5215000   0.5445290000
     1     S         1
    1      0.1596000   1.0000000000
     1     P         3
    1      9.4390000   0.0381090000
    2      2.0020000   0.2094800000
    3      0.5456000   0.5085570000
     1     P         1
    1      0.1517000   1.0000000000
     1     D         1
    1      0.5500000   1.0000000000
     1     S         1
    1      0.0469000   1.0000000000
     1     P         1
    1      0.0404100   1.0000000000
     1     D         1
    1      0.1510000   1.0000000000
****
-N   0
     1     S         8
    1   9046.0000000   0.0007000000
    2   1357.0000000   0.0053890000
    3    309.3000000   0.0274060000
    4     87.7300000   0.1032070000
    5     28.5600000   0.2787230000
    6     10.2100000   0.4485400000
    7      3.8380000   0.2782380000
    8      0.7466000   0.0154400000
     1     S         8
    1   9046.0000000  -0.0001530000
    2   1357.0000000  -0.0012080000
    3    309.3000000  -0.0059920000
    4     87.7300000  -0.0245440000
    5     28.5600000  -0.0674590000
    6     10.2100000  -0.1580780000
    7      3.8380000  -0.1218310000
    8      0.7466000   0.5490030000
     1     S         1
    1      0.2248000   1.0000000000
     1     P         3
    1     13.5500000   0.0399190000
    2      2.9170000   0.2171690000
    3      0.7973000   0.5103190000
     1     P         1
    1      0.2185000   1.0000000000
     1     D         1
    1      0.8170000   1.0000000000
     1     S         1
    1      0.0612400   1.0000000000
     1     P         1
    1      0.0561100   1.0000000000
     1     D         1
    1      0.2300000   1.0000000000
****
-O   0
     1     S         8
    1  11720.0000000   0.0007100000
    2   1759.0000000   0.0054700000
    3    400.8000000   0.0278370000
    4    113.7000000   0.1048000000
    5     37.0300000   0.2830620000
    6     13.2700000   0.4487190000
    7      5.0250000   0.2709520000
    8      1.0130000   0.0154580000
     1     S         8
    1  11720.0000000  -0.0001600000
    2   1759.0000000  -0.0012630000
    3    400.8000000  -0.0062670000
    4    113.7000000  -0.0257160000
    5     37.0300000  -0.0709240000
    6     13.2700000  -0.1654110000
    7      5.0250000  -0.1169550000
    8      1.0130000   0.5573680000
     1     S         1
    1      0.3023000   1.0000000000
     1     P         3
    1     17.7000000   0.0430180000
    2      3.8540000   0.2289130000
    3      1.0460000   0.5087280000
     1     P         1
    1      0.2753000   1.0000000000
     1     D         1
    1      1.1850000   1.0000000000
     1     S         1
    1      0.0789600   1.0000000000
     1     P         1
    1      0.0685600   1.0000000000
     1     D         1
    1      0.3320000   1.0000000000
****
-F   0
     1     S         8
    1  14710.0000000   0.0007210000
    2   2207.0000000   0.0055530000
    3    502.8000000   0.0282670000
    4    142.6000000   0.1064440000
    5     46.4700000   0.2868140000
    6     16.7000000   0.4486410000
    7      6.3560000   0.2647610000
    8      1.3160000   0.0153330000
     1     S         8
    1  14710.0000000  -0.0001650000
    2   2207.0000000  -0.0013080000
    3    502.8000000  -0.0064950000
    4    142.6000000  -0.0266910000
    5     46.4700000  -0.0736900000
    6     16.7000000  -0.1707760000
    7      6.3560000  -0.1123270000
    8      1.3160000   0.5628140000
     1     S         1
    1      0.3897000   1.0000000000
     1     P         3
    1     22.6700000   0.0448780000
    2      4.9770000   0.2357180000
    3      1.3470000   0.5085210000
     1     P         1
    1      0.3471000   1.0000000000
     1     D         1
    1      1.6400000   1.0000000000
     1     S         1
    1      0.0986300   1.0000000000
     1     P         1
    1      0.0850200   1.0000000000
     1     D         1
    1      0.4640000   1.0000000000
****
-Ne  0
     1     S         8
    1  17880.0000000   0.0007380000
    2   2683.0000000   0.0056770000
    3    611.5000000   0.0288830000
    4    173.5000000   0.1085400000
    5     56.6400000   0.2909070000
    6     20.4200000   0.4483240000
    7      7.8100000   0.2580260000
    8      1.6530000   0.0150630000
     1     S         8
    1  17880.0000000  -0.0001720000
    2   2683.0000000  -0.0013570000
    3    611.5000000  -0.0067370000
    4    173.5000000  -0.0276630000
    5     56.6400000  -0.0762080000
    6     20.4200000  -0.1752270000
    7      7.8100000  -0.1070380000
    8      1.6530000   0.5670500000
     1     S         1
    1      0.4869000   1.0000000000
     1     P         3
    1     28.3900000   0.0460870000
    2      6.2700000   0.2401810000
    3      1.6950000   0.5087440000
     1     P         1
    1      0.4317000   1.0000000000
     1     D         1
    1      2.2020000   1.0000000000
     1     S         1
    1      0.1230000   1.0000000000
     1     P         1
    1      0.1064000   1.0000000000
     1     D         1
    1      0.6310000   1.0000000000
****
-Al  0
     1     S        11
    1  64150.0000000   0.0002902500
    2   9617.0000000   0.0022506400
    3   2189.0000000   0.0116459000
    4    620.5000000   0.0467377000
    5    202.7000000   0.1462990000
    6     73.1500000   0.3302830000
    7     28.5500000   0.4158610000
    8     11.7700000   0.1892530000
    9      3.3000000   0.0115889000
   10      1.1730000  -0.0012838500
   11      0.1752000   0.0004258800
     1     S        11
    1  64150.0000000  -0.0000758000
    2   9617.0000000  -0.0005817900
    3   2189.0000000  -0.0030811300
    4    620.5000000  -0.0123112000
    5    202.7000000  -0.0419781000
    6     73.1500000  -0.1033710000
    7     28.5500000  -0.1963080000
    8     11.7700000  -0.0830002000
    9      3.3000000   0.5410400000
   10      1.1730000   0.5787960000
   11      0.1752000   0.0288147000
     1     S        11
    1  64150.0000000   0.0000175100
    2   9617.0000000   0.0001342100
    3   2189.0000000   0.0007124400
    4    620.5000000   0.0028433000
    5    202.7000000   0.0097684200
    6     73.1500000   0.0241850000
    7     28.5500000   0.0474993000
    8     11.7700000   0.0203621000
    9      3.3000000  -0.1587880000
   10      1.1730000  -0.3116940000
   11      0.1752000   0.6201470000
     1     S         1
    1      0.0647300   1.0000000000
     1     P         7
    1    258.8000000   0.0040684700
    2     60.8900000   0.0306815000
    3     19.1400000   0.1291490000
    4      6.8810000   0.3208310000
    5      2.5740000   0.4538150000
    6      0.9572000   0.2750660000
    7      0.2099000   0.0190807000
     1     P         7
    1    258.8000000  -0.0007480500
    2     60.8900000  -0.0054579600
    3     19.1400000  -0.0245371000
    4      6.8810000  -0.0582138000
    5      2.5740000  -0.0983756000
    6      0.9572000  -0.0260064000
    7      0.2099000   0.4640200000
     1     P         1
    1      0.0598600   1.0000000000
     1     D         1
    1      0.1890000   1.0000000000
     1     S         1
    1      0.0231000   1.0000000000
     1     P         1
    1      0.0153000   1.0000000000
     1     D         1
    1      0.0535000   1.0000000000
****
-Si  0
     1     S        11
    1  78860.0000000   0.0002704400
    2  11820.0000000   0.0020971700
    3   2692.0000000   0.0108506000
    4    763.4000000   0.0436754000
    5    249.6000000   0.1376530000
    6     90.2800000   0.3166440000
    7     35.2900000   0.4185810000
    8     14.5100000   0.2102120000
    9      4.0530000   0.0144952000
   10      1.4820000  -0.0020359000
   11      0.2517000   0.0006241900
     1     S        11
    1  78860.0000000  -0.0000723200
    2  11820.0000000  -0.0005551200
    3   2692.0000000  -0.0029380500
    4    763.4000000  -0.0117687000
    5    249.6000000  -0.0402907000
    6     90.2800000  -0.1006090000
    7     35.2900000  -0.1965280000
    8     14.5100000  -0.1023820000
    9      4.0530000   0.5271900000
   10      1.4820000   0.5932510000
   11      0.2517000   0.0332652000
     1     S        11
    1  78860.0000000   0.0000185100
    2  11820.0000000   0.0001422400
    3   2692.0000000   0.0007521900
    4    763.4000000   0.0030227900
    5    249.6000000   0.0103677000
    6     90.2800000   0.0262563000
    7     35.2900000   0.0523989000
    8     14.5100000   0.0290959000
    9      4.0530000  -0.1780030000
   10      1.4820000  -0.3468740000
   11      0.2517000   0.6230200000
     1     S         1
    1      0.0924300   1.0000000000
     1     P         7
    1    315.9000000   0.0039265600
    2     74.4200000   0.0298811000
    3     23.4800000   0.1272120000
    4      8.4880000   0.3209430000
    5      3.2170000   0.4554290000
    6      1.2290000   0.2685630000
    7      0.2964000   0.0188336000
     1     P         7
    1    315.9000000  -0.0008583000
    2     74.4200000  -0.0063032800
    3     23.4800000  -0.0288255000
    4      8.4880000  -0.0694560000
    5      3.2170000  -0.1194930000
    6      1.2290000  -0.0199581000
    7      0.2964000   0.5102680000
     1     P         1
    1      0.0876800   1.0000000000
     1     D         1
    1      0.2750000   1.0000000000
     1     S         1
    1      0.0332000   1.0000000000
     1     P         1
    1      0.0250000   1.0000000000
     1     D         1
    1      0.0823000   1.0000000000
****
-P   0
     1     S        11
    1  94840.0000000   0.0002555100
    2  14220.0000000   0.0019819300
    3   3236.0000000   0.0102760000
    4    917.1000000   0.0414823000
    5    299.5000000   0.1319840000
    6    108.1000000   0.3086620000
    7     42.1800000   0.4206470000
    8     17.2800000   0.2228780000
    9      4.8580000   0.0164035000
   10      1.8180000  -0.0025425500
   11      0.3372000   0.0007480500
     1     S        11
    1  94840.0000000  -0.0000696900
    2  14220.0000000  -0.0005352700
    3   3236.0000000  -0.0028370900
    4    917.1000000  -0.0113983000
    5    299.5000000  -0.0392929000
    6    108.1000000  -0.0996364000
    7     42.1800000  -0.1979830000
    8     17.2800000  -0.1148600000
    9      4.8580000   0.5185950000
   10      1.8180000   0.6018470000
   11      0.3372000   0.0368612000
     1     S        11
    1  94840.0000000   0.0000191200
    2  14220.0000000   0.0001472200
    3   3236.0000000   0.0007779100
    4    917.1000000   0.0031454600
    5    299.5000000   0.0108200000
    6    108.1000000   0.0279957000
    7     42.1800000   0.0563978000
    8     17.2800000   0.0358190000
    9      4.8580000  -0.1933870000
   10      1.8180000  -0.3720970000
   11      0.3372000   0.6242460000
     1     S         1
    1      0.1232000   1.0000000000
     1     P         7
    1    370.5000000   0.0039500500
    2     87.3300000   0.0302492000
    3     27.5900000   0.1295540000
    4     10.0000000   0.3275940000
    5      3.8250000   0.4569920000
    6      1.4940000   0.2530860000
    7      0.3921000   0.0168798000
     1     P         7
    1    370.5000000  -0.0009598300
    2     87.3300000  -0.0071117700
    3     27.5900000  -0.0327122000
    4     10.0000000  -0.0795784000
    5      3.8250000  -0.1350160000
    6      1.4940000  -0.0091058500
    7      0.3921000   0.5378020000
     1     P         1
    1      0.1186000   1.0000000000
     1     D         1
    1      0.3730000   1.0000000000
     1     S         1
    1      0.0417000   1.0000000000
     1     P         1
    1      0.0343000   1.0000000000
     1     D         1
    1      0.1130000   1.0000000000
****
-S   0
     1     S        11
    1 110800.0000000   0.0002476400
    2  16610.0000000   0.0019202600
    3   3781.0000000   0.0099619200
    4   1071.0000000   0.0402975000
    5    349.8000000   0.1286040000
    6    126.3000000   0.3034800000
    7     49.2600000   0.4214320000
    8     20.1600000   0.2307810000
    9      5.7200000   0.0178971000
   10      2.1820000  -0.0029751600
   11      0.4327000   0.0008495200
     1     S        11
    1 110800.0000000  -0.0000687000
    2  16610.0000000  -0.0005276800
    3   3781.0000000  -0.0027967100
    4   1071.0000000  -0.0112651000
    5    349.8000000  -0.0388834000
    6    126.3000000  -0.0995025000
    7     49.2600000  -0.1997400000
    8     20.1600000  -0.1233600000
    9      5.7200000   0.5131940000
   10      2.1820000   0.6071200000
   11      0.4327000   0.0396753000
     1     S        11
    1 110800.0000000   0.0000199100
    2  16610.0000000   0.0001534800
    3   3781.0000000   0.0008095000
    4   1071.0000000   0.0032897400
    5    349.8000000   0.0112967000
    6    126.3000000   0.0296385000
    7     49.2600000   0.0599851000
    8     20.1600000   0.0413248000
    9      5.7200000  -0.2074740000
   10      2.1820000  -0.3928890000
   11      0.4327000   0.6328400000
     1     S         1
    1      0.1570000   1.0000000000
     1     P         7
    1    399.7000000   0.0044754100
    2     94.1900000   0.0341708000
    3     29.7500000   0.1442500000
    4     10.7700000   0.3539280000
    5      4.1190000   0.4590850000
    6      1.6250000   0.2063830000
    7      0.4726000   0.0102141000
     1     P         7
    1    399.7000000  -0.0011625100
    2     94.1900000  -0.0086566400
    3     29.7500000  -0.0390886000
    4     10.7700000  -0.0934625000
    5      4.1190000  -0.1479940000
    6      1.6250000   0.0301904000
    7      0.4726000   0.5615730000
     1     P         1
    1      0.1407000   1.0000000000
     1     D         1
    1      0.4790000   1.0000000000
     1     S         1
    1      0.0507000   1.0000000000
     1     P         1
    1      0.0399000   1.0000000000
     1     D         1
    1      0.1520000   1.0000000000
****
-Cl  0
     1     S        11
    1 127900.0000000   0.0002411500
    2  19170.0000000   0.0018709500
    3   4363.0000000   0.0097082700
    4   1236.0000000   0.0393153000
    5    403.6000000   0.1259320000
    6    145.7000000   0.2993410000
    7     56.8100000   0.4218860000
    8     23.2300000   0.2372010000
    9      6.6440000   0.0191531000
   10      2.5750000  -0.0033479200
   11      0.5371000   0.0009298800
     1     S        11
    1 127900.0000000  -0.0000678900
    2  19170.0000000  -0.0005218400
    3   4363.0000000  -0.0027651300
    4   1236.0000000  -0.0111537000
    5    403.6000000  -0.0385919000
    6    145.7000000  -0.0994848000
    7     56.8100000  -0.2013920000
    8     23.2300000  -0.1303130000
    9      6.6440000   0.5094430000
   10      2.5750000   0.6107250000
   11      0.5371000   0.0421549000
     1     S        11
    1 127900.0000000   0.0000205000
    2  19170.0000000   0.0001583000
    3   4363.0000000   0.0008336400
    4   1236.0000000   0.0033988000
    5    403.6000000   0.0116738000
    6    145.7000000   0.0309622000
    7     56.8100000   0.0629533000
    8     23.2300000   0.0460257000
    9      6.6440000  -0.2193120000
   10      2.5750000  -0.4087730000
   11      0.5371000   0.6384650000
     1     S         1
    1      0.1938000   1.0000000000
     1     P         7
    1    417.6000000   0.0052598200
    2     98.3300000   0.0398332000
    3     31.0400000   0.1646550000
    4     11.1900000   0.3873220000
    5      4.2490000   0.4570720000
    6      1.6240000   0.1516360000
    7      0.5322000   0.0018161500
     1     P         7
    1    417.6000000  -0.0014357000
    2     98.3300000  -0.0107796000
    3     31.0400000  -0.0470075000
    4     11.1900000  -0.1110300000
    5      4.2490000  -0.1532750000
    6      1.6240000   0.0894609000
    7      0.5322000   0.5794440000
     1     P         1
    1      0.1620000   1.0000000000
     1     D         1
    1      0.6000000   1.0000000000
     1     S         1
    1      0.0608000   1.0000000000
     1     P         1
    1      0.0466000   1.0000000000
     1     D         1
    1      0.1960000   1.0000000000
****
-Ar  0
     1     S        11
    1 145700.0000000   0.0002367000
    2  21840.0000000   0.0018352300
    3   4972.0000000   0.0095286000
    4   1408.0000000   0.0386283000
    5    459.7000000   0.1240810000
    6    165.9000000   0.2964710000
    7     64.6900000   0.4220680000
    8     26.4400000   0.2417110000
    9      7.6280000   0.0200509000
   10      2.9960000  -0.0036100000
   11      0.6504000   0.0009756100
     1     S        11
    1 145700.0000000  -0.0000674900
    2  21840.0000000  -0.0005185200
    3   4972.0000000  -0.0027482500
    4   1408.0000000  -0.0111007000
    5    459.7000000  -0.0384820000
    6    165.9000000  -0.0997599000
    7     64.6900000  -0.2030880000
    8     26.4400000  -0.1356080000
    9      7.6280000   0.5071950000
   10      2.9960000   0.6128980000
   11      0.6504000   0.0442968000
     1     S        11
    1 145700.0000000   0.0000210500
    2  21840.0000000   0.0001625700
    3   4972.0000000   0.0008554600
    4   1408.0000000   0.0034974500
    5    459.7000000   0.0120156000
    6    165.9000000   0.0321368000
    7     64.6900000   0.0655279000
    8     26.4400000   0.0499370000
    9      7.6280000  -0.2297690000
   10      2.9960000  -0.4210060000
   11      0.6504000   0.6423310000
     1     S         1
    1      0.2337000   1.0000000000
     1     P         7
    1    453.7000000   0.0057055500
    2    106.8000000   0.0430460000
    3     33.7300000   0.1765910000
    4     12.1300000   0.4068630000
    5      4.5940000   0.4525490000
    6      1.6780000   0.1228010000
    7      0.5909000  -0.0044599600
     1     P         7
    1    453.7000000  -0.0016065500
    2    106.8000000  -0.0121714000
    3     33.7300000  -0.0520789000
    4     12.1300000  -0.1237370000
    5      4.5940000  -0.1516190000
    6      1.6780000   0.1424250000
    7      0.5909000   0.5845010000
     1     P         1
    1      0.1852000   1.0000000000
     1     D         1
    1      0.7380000   1.0000000000
     1     S         1
    1      0.0709000   1.0000000000
     1     P         1
    1      0.0533000   1.0000000000
     1     D         1
    1      0.2400000   1.0000000000
****
-Ga  0
     1     S        13
    1 485130.0000000   0.0002068000
    2  72719.0000000   0.0016047000
    3  16552.0000000   0.0083402000
    4   4687.8000000   0.0340248000
    5   1529.1000000   0.1111699000
    6    551.8100000   0.2753930000
    7    215.1800000   0.4212628000
    8     88.1740000   0.2738906000
    9     27.1540000   0.0283720000
   10     11.5030000  -0.0062931000
   11      3.3018000   0.0020606000
   12      1.3314000  -0.0009269000
   13      0.1931600   0.0002273000
     1     S        13
    1 485130.0000000  -0.0000643000
    2  72719.0000000  -0.0004954000
    3  16552.0000000  -0.0026208000
    4   4687.8000000  -0.0106839000
    5   1529.1000000  -0.0374123000
    6    551.8100000  -0.1009636000
    7    215.1800000  -0.2145141000
    8     88.1740000  -0.1752297000
    9     27.1540000   0.4831599000
   10     11.5030000   0.6323677000
   11      3.3018000   0.0684942000
   12      1.3314000  -0.0118712000
   13      0.1931600   0.0026652000
     1     S        13
    1 485130.0000000   0.0000245000
    2  72719.0000000   0.0001895000
    3  16552.0000000   0.0009964000
    4   4687.8000000   0.0041082000
    5   1529.1000000   0.0142938000
    6    551.8100000   0.0398034000
    7    215.1800000   0.0855940000
    8     88.1740000   0.0796305000
    9     27.1540000  -0.2939107000
   10     11.5030000  -0.5263914000
   11      3.3018000   0.5864249000
   12      1.3314000   0.6726347000
   13      0.1931600   0.0276123000
     1     S        13
    1 485130.0000000  -0.0000057000
    2  72719.0000000  -0.0000440000
    3  16552.0000000  -0.0002305000
    4   4687.8000000  -0.0009544000
    5   1529.1000000  -0.0033055000
    6    551.8100000  -0.0092888000
    7    215.1800000  -0.0198644000
    8     88.1740000  -0.0190888000
    9     27.1540000   0.0732356000
   10     11.5030000   0.1341526000
   11      3.3018000  -0.1831929000
   12      1.3314000  -0.3571308000
   13      0.1931600   0.6246013000
     1     S         1
    1      0.0708950   1.0000000000
     1     P        10
    1   3248.6000000   0.0015260000
    2    769.9700000   0.0127486000
    3    248.2000000   0.0633742000
    4     93.3640000   0.2065775000
    5     38.2510000   0.4092963000
    6     16.4220000   0.3919183000
    7      6.7918000   0.1029441000
    8      2.8336000  -0.0007203000
    9      1.1062000   0.0020950000
   10      0.2225000  -0.0003290000
     1     P        10
    1   3248.6000000  -0.0005803000
    2    769.9700000  -0.0048647000
    3    248.2000000  -0.0248394000
    4     93.3640000  -0.0841759000
    5     38.2510000  -0.1800885000
    6     16.4220000  -0.1585555000
    7      6.7918000   0.2355376000
    8      2.8336000   0.5820587000
    9      1.1062000   0.3366619000
   10      0.2225000   0.0171912000
     1     P        10
    1   3248.6000000   0.0000950000
    2    769.9700000   0.0007832000
    3    248.2000000   0.0040855000
    4     93.3640000   0.0135987000
    5     38.2510000   0.0302695000
    6     16.4220000   0.0241790000
    7      6.7918000  -0.0423777000
    8      2.8336000  -0.1265661000
    9      1.1062000  -0.0499444000
   10      0.2225000   0.4494199000
     1     P         1
    1      0.0617720   1.0000000000
     1     D         5
    1     65.3370000   0.0273825000
    2     18.4970000   0.1510805000
    3      6.3150000   0.3749217000
    4      2.1635000   0.4750799000
    5      0.6667500   0.2982750000
     1     D         1
    1      0.1884000   1.0000000000
     1     S         1
    1      0.0243480   1.0000000000
     1     P         1
    1      0.0151640   1.0000000000
     1     D         1
    1      0.0537000   1.0000000000
****
-Ge  0
     1     S        13
    1 521800.0000000   0.0002045000
    2  78214.0000000   0.0015868000
    3  17803.0000000   0.0082480000
    4   5041.9000000   0.0336649000
    5   1644.5000000   0.1101249000
    6    593.4300000   0.2735607000
    7    231.3600000   0.4210670000
    8     94.7620000   0.2766791000
    9     29.2740000   0.0292180000
   10     12.4500000  -0.0065903000
   11      3.6463000   0.0022430000
   12      1.5025000  -0.0010382000
   13      0.2450300   0.0002695000
     1     S        13
    1 521800.0000000  -0.0000638000
    2  78214.0000000  -0.0004916000
    3  17803.0000000  -0.0026002000
    4   5041.9000000  -0.0106080000
    5   1644.5000000  -0.0371602000
    6    593.4300000  -0.1005790000
    7    231.3600000  -0.2143977000
    8     94.7620000  -0.1782617000
    9     29.2740000   0.4777404000
   10     12.4500000   0.6355983000
   11      3.6463000   0.0722174000
   12      1.5025000  -0.0127265000
   13      0.2450300   0.0029608000
     1     S        13
    1 521800.0000000   0.0000246000
    2  78214.0000000   0.0001900000
    3  17803.0000000   0.0009993000
    4   5041.9000000   0.0041200000
    5   1644.5000000   0.0143557000
    6    593.4300000   0.0400375000
    7    231.3600000   0.0865794000
    8     94.7620000   0.0815861000
    9     29.2740000  -0.2934770000
   10     12.4500000  -0.5367983000
   11      3.6463000   0.5637985000
   12      1.5025000   0.6947182000
   13      0.2450300   0.0315730000
     1     S        13
    1 521800.0000000  -0.0000063000
    2  78214.0000000  -0.0000486000
    3  17803.0000000  -0.0002553000
    4   5041.9000000  -0.0010560000
    5   1644.5000000  -0.0036674000
    6    593.4300000  -0.0103053000
    7    231.3600000  -0.0222200000
    8     94.7620000  -0.0215275000
    9     29.2740000   0.0806752000
   10     12.4500000   0.1524958000
   11      3.6463000  -0.1980528000
   12      1.5025000  -0.4073954000
   13      0.2450300   0.6477288000
     1     S         1
    1      0.0915940   1.0000000000
     1     P        10
    1   3568.1000000   0.0014591000
    2    845.7200000   0.0122176000
    3    272.7400000   0.0610490000
    4    102.6800000   0.2008039000
    5     42.1480000   0.4038942000
    6     18.1490000   0.3970027000
    7      7.5934000   0.1105481000
    8      3.1964000   0.0000768000
    9      1.2743000   0.0021263000
   10      0.2825800  -0.0003744000
     1     P        10
    1   3568.1000000  -0.0005630000
    2    845.7200000  -0.0047354000
    3    272.7400000  -0.0242643000
    4    102.6800000  -0.0830900000
    5     42.1480000  -0.1800247000
    6     18.1490000  -0.1663295000
    7      7.5934000   0.2193717000
    8      3.1964000   0.5820239000
    9      1.2743000   0.3477720000
   10      0.2825800   0.0192455000
     1     P        10
    1   3568.1000000   0.0001115000
    2    845.7200000   0.0009212000
    3    272.7400000   0.0048273000
    4    102.6800000   0.0162272000
    5     42.1480000   0.0366354000
    6     18.1490000   0.0307867000
    7      7.5934000  -0.0480643000
    8      3.1964000  -0.1559804000
    9      1.2743000  -0.0632370000
   10      0.2825800   0.5040819000
     1     P         1
    1      0.0840900   1.0000000000
     1     D         5
    1     74.7620000   0.0257684000
    2     21.3020000   0.1454421000
    3      7.3436000   0.3713721000
    4      2.5651000   0.4800002000
    5      0.8197000   0.2896800000
     1     D         1
    1      0.2470000   1.0000000000
     1     S         1
    1      0.0339610   1.0000000000
     1     P         1
    1      0.0239450   1.0000000000
     1     D         1
    1      0.0771000   1.0000000000
****
-As  0
     1     S        13
    1 559583.7900000   0.0002024000
    2  83879.3300000   0.0015709000
    3  19092.6680000   0.0081662000
    4   5407.3925000   0.0333399000
    5   1763.7559000   0.1091726000
    6    636.4567200   0.2718853000
    7    248.0884300   0.4208509000
    8    101.5785100   0.2792257000
    9     31.4755130   0.0300301000
   10     13.4372820  -0.0068804000
   11      4.0086900   0.0024240000
   12      1.6849290  -0.0011491000
   13      0.3000190   0.0003095000
     1     S        13
    1 559583.7900000  -0.0000634000
    2  83879.3300000  -0.0004883000
    3  19092.6680000  -0.0025821000
    4   5407.3925000  -0.0105402000
    5   1763.7559000  -0.0369325000
    6    636.4567200  -0.1002355000
    7    248.0884300  -0.2142948000
    8    101.5785100  -0.1810526000
    9     31.4755130   0.4725410000
   10     13.4372820   0.6386194000
   11      4.0086900   0.0758107000
   12      1.6849290  -0.0135278000
   13      0.3000190   0.0031970000
     1     S        13
    1 559583.7900000   0.0000246000
    2  83879.3300000   0.0001907000
    3  19092.6680000   0.0010031000
    4   5407.3925000   0.0041353000
    5   1763.7559000   0.0144259000
    6    636.4567200   0.0402962000
    7    248.0884300   0.0875670000
    8    101.5785100   0.0835178000
    9     31.4755130  -0.2932935000
   10     13.4372820  -0.5470520000
   11      4.0086900   0.5438738000
   12      1.6849290   0.7143591000
   13      0.3000190   0.0353443000
     1     S        13
    1 559583.7900000  -0.0000068000
    2  83879.3300000  -0.0000525000
    3  19092.6680000  -0.0002756000
    4   5407.3925000  -0.0011389000
    5   1763.7559000  -0.0039646000
    6    636.4567200  -0.0111423000
    7    248.0884300  -0.0241991000
    8    101.5785100  -0.0236339000
    9     31.4755130   0.0866317000
   10     13.4372820   0.1685839000
   11      4.0086900  -0.2091425000
   12      1.6849290  -0.4500918000
   13      0.3000190   0.6603978000
     1     S         1
    1      0.1135870   1.0000000000
     1     P        10
    1   3886.3564000   0.0014097000
    2    921.2020100   0.0118277000
    3    297.1931900   0.0593280000
    4    111.9750800   0.1965115000
    5     46.0346210   0.3997891000
    6     19.8741940   0.4004653000
    7      8.3860880   0.1164196000
    8      3.5587280   0.0006918000
    9      1.4472820   0.0021633000
   10      0.3477790  -0.0004150000
     1     P        10
    1   3886.3564000  -0.0005519000
    2    921.2020100  -0.0046550000
    3    297.1931900  -0.0239176000
    4    111.9750800  -0.0825627000
    5     46.0346210  -0.1806791000
    6     19.8741940  -0.1724848000
    7      8.3860880   0.2086700000
    8      3.5587280   0.5823622000
    9      1.4472820   0.3537465000
   10      0.3477790   0.0206439000
     1     P        10
    1   3886.3564000   0.0001236000
    2    921.2020100   0.0010240000
    3    297.1931900   0.0053805000
    4    111.9750800   0.0182443000
    5     46.0346210   0.0415979000
    6     19.8741940   0.0362998000
    7      8.3860880  -0.0523569000
    8      3.5587280  -0.1791667000
    9      1.4472820  -0.0740477000
   10      0.3477790   0.5358094000
     1     P         1
    1      0.1076990   1.0000000000
     1     D         5
    1     84.4242340   0.0245288000
    2     24.1815890   0.1411340000
    3      8.4017770   0.3687579000
    4      2.9805020   0.4840626000
    5      0.9790030   0.2824434000
     1     D         1
    1      0.3098000   1.0000000000
     1     S         1
    1      0.0411520   1.0000000000
     1     P         1
    1      0.0312680   1.0000000000
     1     D         1
    1      0.1078000   1.0000000000
****
-Se  0
     1     S        13
    1 598990.0000000   0.0002004000
    2  89783.0000000   0.0015554000
    3  20435.0000000   0.0080872000
    4   5786.9000000   0.0330344000
    5   1887.3000000   0.1082924000
    6    680.9700000   0.2703361000
    7    265.3900000   0.4206236000
    8    108.6300000   0.2815922000
    9     33.7600000   0.0308110000
   10     14.4650000  -0.0071617000
   11      4.3890000   0.0026022000
   12      1.8783000  -0.0012583000
   13      0.3585900   0.0003465000
     1     S        13
    1 598990.0000000  -0.0000629000
    2  89783.0000000  -0.0004850000
    3  20435.0000000  -0.0025644000
    4   5786.9000000  -0.0104761000
    5   1887.3000000  -0.0367223000
    6    680.9700000  -0.0999225000
    7    265.3900000  -0.2141973000
    8    108.6300000  -0.1836593000
    9     33.7600000   0.4675454000
   10     14.4650000   0.6414740000
   11      4.3890000   0.0792569000
   12      1.8783000  -0.0142697000
   13      0.3585900   0.0033792000
     1     S        13
    1 598990.0000000   0.0000247000
    2  89783.0000000   0.0001913000
    3  20435.0000000   0.0010068000
    4   5786.9000000   0.0041514000
    5   1887.3000000   0.0144991000
    6    680.9700000   0.0405658000
    7    265.3900000   0.0885364000
    8    108.6300000   0.0854212000
    9     33.7600000  -0.2932581000
   10     14.4650000  -0.5570727000
   11      4.3890000   0.5261436000
   12      1.8783000   0.7320371000
   13      0.3585900   0.0388246000
     1     S        13
    1 598990.0000000  -0.0000072000
    2  89783.0000000  -0.0000559000
    3  20435.0000000  -0.0002938000
    4   5786.9000000  -0.0012136000
    5   1887.3000000  -0.0042340000
    6    680.9700000  -0.0119035000
    7    265.3900000  -0.0260206000
    8    108.6300000  -0.0256148000
    9     33.7600000   0.0919427000
   10     14.4650000   0.1838700000
   11      4.3890000  -0.2188461000
   12      1.8783000  -0.4896524000
   13      0.3585900   0.6775818000
     1     S         1
    1      0.1364900   1.0000000000
     1     P        10
    1   4135.6000000   0.0014127000
    2    980.3400000   0.0118588000
    3    316.3500000   0.0595153000
    4    119.2500000   0.1972201000
    5     49.0680000   0.4007439000
    6     21.2120000   0.3994740000
    7      8.9462000   0.1153364000
    8      3.8236000   0.0002219000
    9      1.5883000   0.0022838000
   10      0.4096900  -0.0004756000
     1     P        10
    1   4135.6000000  -0.0005610000
    2    980.3400000  -0.0047340000
    3    316.3500000  -0.0243504000
    4    119.2500000  -0.0841071000
    5     49.0680000  -0.1841384000
    6     21.2120000  -0.1735004000
    7      8.9462000   0.2167263000
    8      3.8236000   0.5850099000
    9      1.5883000   0.3416816000
   10      0.4096900   0.0199125000
     1     P        10
    1   4135.6000000   0.0001366000
    2    980.3400000   0.0011308000
    3    316.3500000   0.0059581000
    4    119.2500000   0.0201866000
    5     49.0680000   0.0461939000
    6     21.2120000   0.0394050000
    7      8.9462000  -0.0592846000
    8      3.8236000  -0.2014663000
    9      1.5883000  -0.0687821000
   10      0.4096900   0.5595944000
     1     P         1
    1      0.1245900   1.0000000000
     1     D         5
    1     94.4720000   0.0234982000
    2     27.1800000   0.1375183000
    3      9.5068000   0.3664824000
    4      3.4168000   0.4874717000
    5      1.1479000   0.2765769000
     1     D         1
    1      0.3682000   1.0000000000
     1     S         1
    1      0.0487470   1.0000000000
     1     P         1
    1      0.0354920   1.0000000000
     1     D         1
    1      0.1283000   1.0000000000
****
-Br  0
     1     S        13
    1 640100.0000000   0.0001984000
    2  95938.0000000   0.0015400000
    3  21833.0000000   0.0080096000
    4   6181.9000000   0.0327341000
    5   2015.7000000   0.1074480000
    6    727.1000000   0.2688946000
    7    283.2800000   0.4204411000
    8    115.9100000   0.2838041000
    9     36.1240000   0.0315455000
   10     15.5320000  -0.0074268000
   11      4.7857000   0.0027728000
   12      2.0817000  -0.0013635000
   13      0.4202800   0.0003812000
     1     S        13
    1 640100.0000000  -0.0000625000
    2  95938.0000000  -0.0004816000
    3  21833.0000000  -0.0025466000
    4   6181.9000000  -0.0104112000
    5   2015.7000000  -0.0365179000
    6    727.1000000  -0.0996295000
    7    283.2800000  -0.2141310000
    8    115.9100000  -0.1860911000
    9     36.1240000   0.4628261000
   10     15.5320000   0.6441141000
   11      4.7857000   0.0825502000
   12      2.0817000  -0.0149694000
   13      0.4202800   0.0035288000
     1     S        13
    1 640100.0000000   0.0000248000
    2  95938.0000000   0.0001919000
    3  21833.0000000   0.0010100000
    4   6181.9000000   0.0041659000
    5   2015.7000000   0.0145683000
    6    727.1000000   0.0408345000
    7    283.2800000   0.0894859000
    8    115.9100000   0.0872786000
    9     36.1240000  -0.2933644000
   10     15.5320000  -0.5667109000
   11      4.7857000   0.5105658000
   12      2.0817000   0.7477214000
   13      0.4202800   0.0421512000
     1     S        13
    1 640100.0000000  -0.0000076000
    2  95938.0000000  -0.0000588000
    3  21833.0000000  -0.0003092000
    4   6181.9000000  -0.0012766000
    5   2015.7000000  -0.0044634000
    6    727.1000000  -0.0125575000
    7    283.2800000  -0.0276145000
    8    115.9100000  -0.0273945000
    9     36.1240000   0.0964094000
   10     15.5320000   0.1976871000
   11      4.7857000  -0.2266693000
   12      2.0817000  -0.5241165000
   13      0.4202800   0.6889865000
     1     S         1
    1      0.1606900   1.0000000000
     1     P        10
    1   4340.8000000   0.0014448000
    2   1028.9000000   0.0121288000
    3    332.0200000   0.0608077000
    4    125.1600000   0.2009358000
    5     51.5110000   0.4047419000
    6     22.2810000   0.3957151000
    7      9.3417000   0.1102213000
    8      4.0132000  -0.0009090000
    9      1.7002000   0.0024832000
   10      0.4719400  -0.0005744000
     1     P        10
    1   4340.8000000  -0.0005819000
    2   1028.9000000  -0.0049065000
    3    332.0200000  -0.0252514000
    4    125.1600000  -0.0869445000
    5     51.5110000  -0.1893422000
    6     22.2810000  -0.1710882000
    7      9.3417000   0.2368755000
    8      4.0132000   0.5898400000
    9      1.7002000   0.3171944000
   10      0.4719400   0.0179833000
     1     P        10
    1   4340.8000000   0.0001518000
    2   1028.9000000   0.0012563000
    3    332.0200000   0.0066224000
    4    125.1600000   0.0223816000
    5     51.5110000   0.0509717000
    6     22.2810000   0.0414009000
    7      9.3417000  -0.0703970000
    8      4.0132000  -0.2232540000
    9      1.7002000  -0.0564179000
   10      0.4719400   0.5808079000
     1     P         1
    1      0.1442100   1.0000000000
     1     D         5
    1    104.8300000   0.0226583000
    2     30.2720000   0.1345895000
    3     10.6490000   0.3647181000
    4      3.8696000   0.4904196000
    5      1.3239000   0.2713885000
     1     D         1
    1      0.4098000   1.0000000000
     1     S         1
    1      0.0569460   1.0000000000
     1     P         1
    1      0.0410490   1.0000000000
     1     D         1
    1      0.1719000   1.0000000000
****
-Kr  0
     1     S        13
    1 681358.8200000   0.0001969000
    2 102126.4800000   0.0015286000
    3  23243.7100000   0.0079500000
    4   6582.0073000   0.0324938000
    5   2146.4286000   0.1067240000
    6    774.3378200   0.2675701000
    7    301.6702000   0.4201851000
    8    123.4118400   0.2858015000
    9     38.5675510   0.0322461000
   10     16.6373790  -0.0076828000
   11      5.1987950   0.0029393000
   12      2.2948140  -0.0014662000
   13      0.4852110   0.0004144000
     1     S        13
    1 681358.8200000  -0.0000622000
    2 102126.4800000  -0.0004794000
    3  23243.7100000  -0.0025341000
    4   6582.0073000  -0.0103636000
    5   2146.4286000  -0.0363516000
    6    774.3378200  -0.0993737000
    7    301.6702000  -0.2140610000
    8    123.4118400  -0.1883192000
    9     38.5675510   0.4583816000
   10     16.6373790   0.6465664000
   11      5.1987950   0.0856579000
   12      2.2948140  -0.0156123000
   13      0.4852110   0.0036490000
     1     S        13
    1 681358.8200000   0.0000249000
    2 102126.4800000   0.0001928000
    3  23243.7100000   0.0010149000
    4   6582.0073000   0.0041857000
    5   2146.4286000   0.0146459000
    6    774.3378200   0.0411070000
    7    301.6702000   0.0903955000
    8    123.4118400   0.0890623000
    9     38.5675510  -0.2935718000
   10     16.6373790  -0.5759698000
   11      5.1987950   0.4968578000
   12      2.2948140   0.7616895000
   13      0.4852110   0.0453267000
     1     S        13
    1 681358.8200000  -0.0000079000
    2 102126.4800000  -0.0000614000
    3  23243.7100000  -0.0003230000
    4   6582.0073000  -0.0013330000
    5   2146.4286000  -0.0046672000
    6    774.3378200  -0.0131352000
    7    301.6702000  -0.0290342000
    8    123.4118400  -0.0290173000
    9     38.5675510   0.1002664000
   10     16.6373790   0.2103818000
   11      5.1987950  -0.2332471000
   12      2.2948140  -0.5546497000
   13      0.4852110   0.6969522000
     1     S         1
    1      0.1862700   1.0000000000
     1     P        10
    1   4474.2699000   0.0015195000
    2   1060.5790000   0.0127424000
    3    342.2081200   0.0636465000
    4    128.9984200   0.2085635000
    5     53.0872220   0.4122423000
    6     22.9594250   0.3878103000
    7      9.5073000   0.1003820000
    8      4.0830550  -0.0025078000
    9      1.7504460   0.0027139000
   10      0.5291900  -0.0006977000
     1     P        10
    1   4474.2699000  -0.0006208000
    2   1060.5790000  -0.0052212000
    3    342.2081200  -0.0268463000
    4    128.9984200  -0.0915823000
    5     53.0872220  -0.1968164000
    6     22.9594250  -0.1634750000
    7      9.5073000   0.2738204000
    8      4.0830550   0.5981592000
    9      1.7504460   0.2750453000
   10      0.5291900   0.0127706000
     1     P        10
    1   4474.2699000   0.0001701000
    2   1060.5790000   0.0014064000
    3    342.2081200   0.0073963000
    4    128.9984200   0.0248254000
    5     53.0872220   0.0557155000
    6     22.9594250   0.0412132000
    7      9.5073000  -0.0876057000
    8      4.0830550  -0.2440586000
    9      1.7504460  -0.0295007000
   10      0.5291900   0.6012295000
     1     P         1
    1      0.1643690   1.0000000000
     1     D         5
    1    115.5253200   0.0219557000
    2     33.4652460   0.1321620000
    3     11.8304590   0.3633484000
    4      4.3397710   0.4929582000
    5      1.5075240   0.2667560000
     1     D         1
    1      0.5030000   1.0000000000
     1     S         1
    1      0.0651450   1.0000000000
     1     P         1
    1      0.0466060   1.0000000000
     1     D         1
    1      0.2155000   1.0000000000
****
