-H   0
     1     S         3
    1     19.2406000   0.0328280000
    2      2.8992000   0.2312080000
    3      0.6534000   0.8172380000
     1     S         1
    1      0.1776000   1.0000000000
****
-He  0
     1     S         3
    1     38.4216340   0.0237660000
    2      5.7780300   0.1546790000
    3      1.2417740   0.4696300000
     1     S         1
    1      0.2979640   1.0000000000
****
-Li  0
     1     S         6
    1    921.3000000   0.0013670000
    2    138.7000000   0.0104250000
    3     31.9400000   0.0498590000
    4      9.3530000   0.1607010000
    5      3.1580000   0.3446040000
    6      1.1570000   0.4251970000
     1     S         1
    1      0.4446000  -0.2223110000
     1     S         1
    1      0.0766600   1.1164770000
     1     S         1
    1      0.0286400   1.0000000000
     1     P         3
    1      1.4880000   0.0387700000
    2      0.2667000   0.2362570000
    3      0.0720100   0.8304480000
     1     P         1
    1      0.0237000   1.0000000000
****
-Be  0
     1     S         6
    1   1741.0000000   0.0013050000
    2    262.1000000   0.0099550000
    3     60.3300000   0.0480310000
    4     17.6200000   0.1585770000
    5      5.9330000   0.3513250000
    6      2.1850000   0.4270060000
     1     S         1
    1      0.8590000   0.1604900000
     1     S         1
    1      2.1850000  -0.1852940000
     1     S         1
    1      0.1806000   1.0570140000
     1     P         4
    1      0.0583500   0.0000000000
    2      6.7100000   0.0163780000
    3      1.4420000   0.0915530000
    4      0.4103000   0.3414690000
     1     P         1
    1      0.1397000   0.6854280000
****
-B   0
     1     S         6
    1   2788.4100000   0.0021220000
    2    419.0390000   0.0161710000
    3     96.4683000   0.0783560000
    4     28.0694000   0.2632500000
    5      9.3760000   0.5967290000
    6      1.3057000   0.2303970000
     1     S         1
    1      3.4062000   1.0000000000
     1     S         1
    1      0.3245000   1.0000000000
     1     S         1
    1      0.1022000   1.0000000000
     1     P         4
    1     11.3413000   0.0179870000
    2      2.4360000   0.1103390000
    3      0.6836000   0.3831110000
    4      0.2134000   0.6478600000
     1     P         1
    1      0.0701000   1.0000000000
****
-C   0
     1     S         6
    1   4232.6100000   0.0020290000
    2    634.8820000   0.0155350000
    3    146.0970000   0.0754110000
    4     42.4974000   0.2571210000
    5     14.1892000   0.5965550000
    6      1.9666000   0.2425170000
     1     S         1
    1      5.1477000   1.0000000000
     1     S         1
    1      0.4962000   1.0000000000
     1     S         1
    1      0.1533000   1.0000000000
     1     P         4
    1     18.1557000   0.0185340000
    2      3.9864000   0.1154420000
    3      1.1429000   0.3862060000
    4      0.3594000   0.6400890000
     1     P         1
    1      0.1146000   1.0000000000
****
-N   0
     1     S         6
    1   5909.4400000   0.0020040000
    2    887.4510000   0.0153100000
    3    204.7900000   0.0742930000
    4     59.8376000   0.2533640000
    5     19.9981000   0.6005760000
    6      2.6860000   0.2451110000
     1     S         1
    1      7.1927000   1.0000000000
     1     S         1
    1      0.7000000   1.0000000000
     1     S         1
    1      0.2133000   1.0000000000
     1     P         4
    1     26.7860000   0.0182570000
    2      5.9564000   0.1164070000
    3      1.7074000   0.3901110000
    4      0.5314000   0.6372210000
     1     P         1
    1      0.1654000   1.0000000000
****
-O   0
     1     S         6
    1   7816.5400000   0.0020310000
    2   1175.8200000   0.0154360000
    3    273.1880000   0.0737710000
    4     81.1696000   0.2476060000
    5     27.1836000   0.6118320000
    6      3.4136000   0.2412050000
     1     S         1
    1      9.5322000   1.0000000000
     1     S         1
    1      0.9398000   1.0000000000
     1     S         1
    1      0.2846000   1.0000000000
     1     P         4
    1     35.1832000   0.0195800000
    2      7.9040000   0.1241890000
    3      2.3051000   0.3947270000
    4      0.7171000   0.6273750000
     1     P         1
    1      0.2137000   1.0000000000
****
-F   0
     1     S         6
    1   9994.7900000   0.0020170000
    2   1506.0300000   0.0152950000
    3    350.2690000   0.0731100000
    4    104.0530000   0.2464200000
    5     34.8432000   0.6125930000
    6      4.3688000   0.2424890000
     1     S         1
    1     12.2164000   1.0000000000
     1     S         1
    1      1.2078000   1.0000000000
     1     S         1
    1      0.3634000   1.0000000000
     1     P         4
    1     44.3555000   0.0208680000
    2     10.0820000   0.1300920000
    3      2.9959000   0.3962190000
    4      0.9383000   0.6203680000
     1     P         1
    1      0.2733000   1.0000000000
****
-Ne  0
     1     S         6
    1  12100.0000000   0.0012000000
    2   1821.0000000   0.0090920000
    3    432.8000000   0.0413050000
    4    132.5000000   0.1378670000
    5     43.7700000   0.3624330000
    6      5.1270000   0.1300350000
     1     S         1
    1     14.9100000  -0.1408100000
     1     S         1
    1      1.4910000   1.0533270000
     1     S         1
    1      0.4468000   1.0000000000
     1     P         4
    1     56.4500000   0.0208750000
    2     12.9200000   0.1300320000
    3      3.8650000   0.3956790000
    4      1.2030000   0.6214500000
     1     P         1
    1      0.3444000   1.0000000000
****
-Al  0
     1     S         5
    1  23490.0000000   0.0025090000
    2   3548.0000000   0.0189860000
    3    823.5000000   0.0929140000
    4    237.7000000   0.3359350000
    5     78.6000000   0.6473910000
     1     S         3
    1     78.6000000   0.1119370000
    2     29.0500000   0.6559760000
    3     11.6200000   0.2833490000
     1     S         1
    1      3.4650000   1.0000000000
     1     S         1
    1      1.2330000   1.0000000000
     1     S         1
    1      0.2018000   1.0000000000
     1     S         1
    1      0.0780500   1.0000000000
     1     P         4
    1    141.5000000   0.0178820000
    2     33.2200000   0.1203750000
    3     10.3900000   0.4115800000
    4      3.5930000   0.5953530000
     1     P         2
    1      3.5930000   0.2117580000
    2      1.2420000   0.8377950000
     1     P         1
    1      0.3040000   1.0000000000
     1     P         1
    1      0.0762900   1.0000000000
****
-Si  0
     1     S         5
    1  26740.0000000   0.0025830000
    2   4076.0000000   0.0192370000
    3    953.3000000   0.0938430000
    4    274.6000000   0.3412350000
    5     90.6800000   0.6416750000
     1     S         3
    1     90.6800000   0.1214390000
    2     33.5300000   0.6531430000
    3     13.4600000   0.2776240000
     1     S         1
    1      4.0510000   1.0000000000
     1     S         1
    1      1.4840000   1.0000000000
     1     S         1
    1      0.2704000   1.0000000000
     1     S         1
    1      0.0993200   1.0000000000
     1     P         4
    1    163.7000000   0.0114980000
    2     38.3500000   0.0777260000
    3     12.0200000   0.2635950000
    4      4.1850000   0.7582690000
     1     P         2
    1      4.1850000  -1.1730450000
    2      1.4830000   1.4383350000
     1     P         1
    1      0.3350000   1.0000000000
     1     P         1
    1      0.0969900   1.0000000000
****
-P   0
     1     S         5
    1  30630.0000000   0.0026190000
    2   4684.0000000   0.0194790000
    3   1094.0000000   0.0952070000
    4    315.3000000   0.3457420000
    5    104.1000000   0.6362880000
     1     S         3
    1    104.1000000   0.1307060000
    2     38.4200000   0.6502740000
    3     15.4500000   0.2723080000
     1     S         1
    1      4.6560000   1.0000000000
     1     S         1
    1      1.7590000   1.0000000000
     1     S         1
    1      0.3409000   1.0000000000
     1     S         1
    1      0.1238000   1.0000000000
     1     P         4
    1    187.7000000   0.0131580000
    2     43.6300000   0.0904940000
    3     13.6000000   0.3050540000
    4      4.7660000   0.7135790000
     1     P         2
    1      4.7660000  -0.7925730000
    2      1.7430000   1.4299870000
     1     P         1
    1      0.4192000   1.0000000000
     1     P         1
    1      0.1245000   1.0000000000
****
-S   0
     1     S         5
    1  35710.0000000   0.0025650000
    2   5397.0000000   0.0194050000
    3   1250.0000000   0.0955950000
    4    359.9000000   0.3457930000
    5    119.2000000   0.6357940000
     1     S         3
    1    119.2000000   0.1300960000
    2     43.9800000   0.6513010000
    3     17.6300000   0.2719550000
     1     S         1
    1      5.4200000   1.0000000000
     1     S         1
    1      2.0740000   1.0000000000
     1     S         1
    1      0.4246000   1.0000000000
     1     S         1
    1      0.1519000   1.0000000000
     1     P         4
    1    212.9000000   0.0140910000
    2     49.6000000   0.0966850000
    3     15.5200000   0.3238740000
    4      5.4760000   0.6917560000
     1     P         2
    1      5.4760000  -0.6267370000
    2      2.0440000   1.3770510000
     1     P         1
    1      0.5218000   1.0000000000
     1     P         1
    1      0.1506000   1.0000000000
****
-Cl  0
     1     S         5
    1  40850.0000000   0.0025320000
    2   6179.0000000   0.0192070000
    3   1425.0000000   0.0952570000
    4    409.2000000   0.3455890000
    5    135.5000000   0.6364010000
     1     S         3
    1    135.5000000   0.1209560000
    2     50.1300000   0.6485110000
    3     20.2100000   0.2754870000
     1     S         1
    1      6.2830000   1.0000000000
     1     S         1
    1      2.4600000   1.0000000000
     1     S         1
    1      0.5271000   1.0000000000
     1     S         1
    1      0.1884000   1.0000000000
     1     P         4
    1    240.8000000   0.0145950000
    2     56.5600000   0.0990470000
    3     17.8500000   0.3305620000
    4      6.3500000   0.6828740000
     1     P         2
    1      6.3500000  -0.5617850000
    2      2.4030000   1.3519010000
     1     P         1
    1      0.6410000   1.0000000000
     1     P         1
    1      0.1838000   1.0000000000
****
