-H   0
     1     S         2
    1      4.5018000   0.0704520000
    2      0.6814440   0.4078260000
     1     S         1
    1      0.1513980   1.0000000000
****
-C   0
     1     S         3
    1    153.1722600   0.0707400000
    2     23.0730300   0.3953800000
    3      4.9232900   0.6633110000
     1     S         2
    1      5.7255700  -0.0813800000
    2      0.4550400   0.5748530000
     1     S         1
    1      0.1470700   1.0000000000
     1     P         2
    1      4.2513100   0.1099310000
    2      0.8632700   0.4627130000
     1     P         1
    1      0.2013500   1.0000000000
****
-N   0
     1     S         3
    1    218.3644900   0.0678700000
    2     32.5988900   0.3902020000
    3      6.9173900   0.6700830000
     1     S         2
    1      8.3263800  -0.0808900000
    2      0.6591900   0.5672020000
     1     S         1
    1      0.2100900   1.0000000000
     1     P         2
    1      6.1203500   0.1159190000
    2      1.2593800   0.4699580000
     1     P         1
    1      0.2914500   1.0000000000
     1     D         1
    1      0.8500000   1.0000000000
****
-O   0
     1     S         3
    1    281.8665800   0.0690600000
    2     42.4160000   0.3931590000
    3      9.0956200   0.6656690000
     1     S         2
    1     11.4660300  -0.0808200000
    2      0.8878600   0.5820900000
     1     S         1
    1      0.2788000   1.0000000000
     1     P         2
    1      8.0472400   0.1242710000
    2      1.6684200   0.4765940000
     1     P         1
    1      0.3725100   1.0000000000
     1     D         1
    1      0.8000000   1.0000000000
****
-F   0
     1     S         3
    1    368.3711200   0.0670400000
    2     55.0610600   0.3892490000
    3     11.7476700   0.6707880000
     1     S         2
    1     15.1518400  -0.0805500000
    2      1.1513700   0.5877290000
     1     S         1
    1      0.3581100   1.0000000000
     1     P         2
    1     10.5770700   0.1262700000
    2      2.1949800   0.4779480000
     1     P         1
    1      0.4793700   1.0000000000
     1     D         1
    1      1.0000000   1.0000000000
****
-Si  0
     1     S         3
    1    910.6550000   0.0660820000
    2    137.3360000   0.3862290000
    3     29.7601000   0.6723800000
     1     S         3
    1     36.6716000  -0.1045110000
    2      8.3172900   0.1074100000
    3      2.2164500   0.9514460000
     1     P         3
    1     36.6716000   0.1133550000
    2      8.3172900   0.4575780000
    3      2.2164500   0.6074270000
     1     S         2
    1      1.0791300  -0.3761080000
    2      0.3024220   1.2516500000
     1     P         2
    1      1.0791300   0.0671030000
    2      0.3024220   0.9568830000
     1     S         1
    1      0.0933390   1.0000000000
     1     P         1
    1      0.0933390   1.0000000000
     1     D         1
    1      0.4000000   1.0000000000
****
-P   0
     1     S         3
    1   1053.2658000   0.0658650000
    2    158.7904400   0.3845780000
    3     34.4244070   0.6739630000
     1     S         3
    1     45.4503800  -0.0926550000
    2      3.8999260   0.6265130000
    3      1.4885070   0.4410390000
     1     S         2
    1      2.3008410  -0.1805490000
    2      0.2989590   0.6809520000
     1     S         1
    1      0.1088540   1.0000000000
     1     P         3
    1     46.1000190   0.1053880000
    2     10.1650570   0.4597120000
    3      2.6447940   0.6137140000
     1     P         2
    1      0.6326860   0.2358850000
    2      0.2402190   0.5541600000
     1     P         1
    1      0.0864470   1.0000000000
     1     D         1
    1      0.2500000   1.0000000000
****
-S   0
     1     S         3
    1   1201.4584000   0.0657650000
    2    181.3921200   0.3839480000
    3     39.4047950   0.6743720000
     1     S         3
    1     52.1390300  -0.0942320000
    2      4.5287990   0.6354680000
    3      1.7549380   0.4315060000
     1     S         2
    1      2.8404370   0.1900420000
    2      0.3814330  -0.6855270000
     1     S         1
    1      0.1387860   1.0000000000
     1     P         3
    1     54.6440710   0.1036730000
    2     12.1229020   0.4581900000
    3      3.2065040   0.6134000000
     1     P         2
    1      0.8632740   0.2294360000
    2      0.1086790   0.3537000000
     1     P         1
    1      0.3181300   1.0000000000
     1     D         1
    1      0.4000000   1.0000000000
****
-Cl  0
     1     S         3
    1   1362.0220000   0.0655440000
    2    205.8111000   0.3829870000
    3     44.7721670   0.6752100000
     1     S         3
    1     59.2257320  -0.0956200000
    2      5.2139020   0.6414260000
    3      2.0473460   0.4251530000
     1     S         2
    1      3.4197120   0.1964010000
    2      0.4700170  -0.6923600000
     1     S         1
    1      0.1699580   1.0000000000
     1     P         3
    1     64.0999580   0.1017890000
    2     14.2871390   0.4561070000
    3      3.8281350   0.6142820000
     1     P         2
    1      1.0951260   0.2359030000
    2      0.1321760   0.3466000000
     1     P         1
    1      0.3960040   1.0000000000
     1     D         1
    1      0.6500000   1.0000000000
****
-Br  0
     1     S         3
    1   6103.2899000   0.0624180000
    2    923.6974300   0.3720410000
    3    202.5203100   0.6858730000
     1     S         3
    1    270.6015000  -0.1121490000
    2     58.2535700   0.0931450000
    3     18.4693300   0.9616790000
     1     P         3
    1    270.6015000   0.1477510000
    2     58.2535700   0.6010560000
    3     18.4693300   0.4128700000
     1     S         3
    1     19.7614200  -0.2938700000
    2      6.8217520   0.2802660000
    3      2.2916290   0.9020360000
     1     P         3
    1     19.7614200   0.0250070000
    2      6.8217520   0.4866100000
    3      2.2916290   0.5824230000
     1     D         3
    1     33.9650970   0.1496670000
    2      8.9008310   0.5117480000
    3      2.4284360   0.5759150000
     1     S         2
    1      2.1312060  -0.6518030000
    2      0.4993540   1.3360120000
     1     P         2
    1      2.1312060   0.0287080000
    2      0.4993540   0.9840700000
     1     S         1
    1      0.1647640   1.0000000000
     1     P         1
    1      0.1647640   1.0000000000
     1     D         1
    1      0.4000000   1.0000000000
****
-I   0
     1     S         3
    1  14351.1860000   0.0610030000
    2   2173.0741000   0.3666400000
    3    477.8720500   0.6911310000
     1     S         3
    1    648.1887000  -0.1128510000
    2    140.3064000   0.0832280000
    3     45.6988000   0.9697520000
     1     P         3
    1    648.1887000   0.1541140000
    2    140.3064000   0.6194620000
    3     45.6988000   0.3837580000
     1     S         3
    1     56.6946900  -0.2736970000
    2     27.4887500   0.0465000000
    3      8.2090960   1.0915760000
     1     P         3
    1     56.6946900  -0.1523220000
    2     27.4887500   0.5437690000
    3      8.2090960   0.6561680000
     1     D         3
    1    128.0902600   0.1158640000
    2     35.9823780   0.4820490000
    3     11.5511160   0.5894450000
     1     S         3
    1      8.1916790  -0.4508280000
    2      3.2445960   0.4632090000
    3      1.3004890   0.8386360000
     1     P         3
    1      8.1916790   0.0118700000
    2      3.2445960   0.5265250000
    3      1.3004890   0.5266080000
     1     D         3
    1      6.1461520   0.2681820000
    2      2.2209370   0.5800610000
    3      0.8099120   0.3262260000
     1     S         2
    1      1.4513800  -0.6658520000
    2      0.3281030   1.3285840000
     1     P         2
    1      1.4513800   0.0275410000
    2      0.3281030   0.9851370000
     1     S         1
    1      0.1150760   1.0000000000
     1     P         1
    1      0.1150760   1.0000000000
     1     D         1
    1      0.4000000   1.0000000000
****
