-H   0
     1     S         6
    1     35.5232212   0.0091635963
    2      6.5131437   0.0493614929
    3      1.8221429   0.1685383049
    4      0.6259553   0.3705627997
    5      0.2430767   0.4164915298
    6      0.1001124   0.1303340841
****
-He  0
     1     S         6
    1     65.9845682   0.0091635963
    2     12.0981984   0.0493614929
    3      3.3846399   0.1685383049
    4      1.1627152   0.3705627997
    5      0.4515163   0.4164915298
    6      0.1859594   0.1303340841
****
-Li  0
     1     S         6
    1    167.1758462   0.0091635963
    2     30.6515084   0.0493614929
    3      8.5751875   0.1685383049
    4      2.9458083   0.3705627997
    5      1.1439436   0.4164915298
    6      0.4711391   0.1303340841
     1         S     6
    1      6.5975640  -0.0132527881
    2      1.3058301  -0.0469917101
    3      0.4058510  -0.0337853715
    4      0.1561455   0.2502417861
    5      0.0678141   0.5951172526
    6      0.0310842   0.2407061763
     1         P     6
    1      6.5975640   0.0037596966
    2      1.3058301   0.0376793698
    3      0.4058510   0.1738967435
    4      0.1561455   0.4180364347
    5      0.0678141   0.4258595477
    6      0.0310842   0.1017082955
****
-Be  0
     1     S         6
    1    312.8704937   0.0091635963
    2     57.3644625   0.0493614929
    3     16.0485094   0.1685383049
    4      5.5130961   0.3705627997
    5      2.1408966   0.4164915298
    6      0.8817394   0.1303340841
     1         S     6
    1     13.6332474  -0.0132527881
    2      2.6983755  -0.0469917101
    3      0.8386531  -0.0337853715
    4      0.3226601   0.2502417861
    5      0.1401315   0.5951172526
    6      0.0642325   0.2407061763
     1         P     6
    1     13.6332474   0.0037596966
    2      2.6983755   0.0376793698
    3      0.8386531   0.1738967435
    4      0.3226601   0.4180364347
    5      0.1401315   0.4258595477
    6      0.0642325   0.1017082955
****
-B   0
     1     S         6
    1    506.0118369   0.0091635963
    2     92.7767164   0.0493614929
    3     25.9555819   0.1685383049
    4      8.9164429   0.3705627997
    5      3.4625157   0.4164915298
    6      1.4260552   0.1303340841
     1         S     6
    1     23.1945609  -0.0132527881
    2      4.5908089  -0.0469917101
    3      1.4268200  -0.0337853715
    4      0.5489491   0.2502417861
    5      0.2384090   0.5951172526
    6      0.1092803   0.2407061763
     1         P     6
    1     23.1945609   0.0037596966
    2      4.5908089   0.0376793698
    3      1.4268200   0.1738967435
    4      0.5489491   0.4180364347
    5      0.2384090   0.4258595477
    6      0.1092803   0.1017082955
****
-C   0
     1     S         6
    1    742.7370491   0.0091635963
    2    136.1800249   0.0493614929
    3     38.0982635   0.1685383049
    4     13.0877818   0.3705627997
    5      5.0823686   0.4164915298
    6      2.0932001   0.1303340841
     1         S     6
    1     30.4972395  -0.0132527881
    2      6.0361996  -0.0469917101
    3      1.8760463  -0.0337853715
    4      0.7217826   0.2502417861
    5      0.3134707   0.5951172526
    6      0.1436866   0.2407061763
     1         P     6
    1     30.4972395   0.0037596966
    2      6.0361996   0.0376793698
    3      1.8760463   0.1738967435
    4      0.7217826   0.4180364347
    5      0.3134707   0.4258595477
    6      0.1436866   0.1017082955
****
-N   0
     1     S         6
    1   1027.8284580   0.0091635963
    2    188.4512226   0.0493614929
    3     52.7218610   0.1685383049
    4     18.1113822   0.3705627997
    5      7.0331797   0.4164915298
    6      2.8966518   0.1303340841
     1         S     6
    1     39.1988079  -0.0132527881
    2      7.7584671  -0.0469917101
    3      2.4113258  -0.0337853715
    4      0.9277239   0.2502417861
    5      0.4029111   0.5951172526
    6      0.1846837   0.2407061763
     1         P     6
    1     39.1988079   0.0037596966
    2      7.7584671   0.0376793698
    3      2.4113258   0.1738967435
    4      0.9277239   0.4180364347
    5      0.4029111   0.4258595477
    6      0.1846837   0.1017082955
****
-O   0
     1     S         6
    1   1355.5842340   0.0091635963
    2    248.5448855   0.0493614929
    3     69.5339023   0.1685383049
    4     23.8867721   0.3705627997
    5      9.2759326   0.4164915298
    6      3.8203413   0.1303340841
     1         S     6
    1     52.1877620  -0.0132527881
    2     10.3293201  -0.0469917101
    3      3.2103450  -0.0337853715
    4      1.2351354   0.2502417861
    5      0.5364202   0.5951172526
    6      0.2458806   0.2407061763
     1         P     6
    1     52.1877620   0.0037596966
    2     10.3293201   0.0376793698
    3      3.2103450   0.1738967435
    4      1.2351354   0.4180364347
    5      0.5364202   0.4258595477
    6      0.2458806   0.1017082955
****
-F   0
     1     S         6
    1   1728.6265740   0.0091635963
    2    316.9417900   0.0493614929
    3     88.6688914   0.1685383049
    4     30.4601573   0.3705627997
    5     11.8285704   0.4164915298
    6      4.8716585   0.1303340841
     1         S     6
    1     67.0322809  -0.0132527881
    2     13.2674378  -0.0469917101
    3      4.1235098  -0.0337853715
    4      1.5864628   0.2502417861
    5      0.6890019   0.5951172526
    6      0.3158200   0.2407061763
     1         P     6
    1     67.0322809   0.0037596966
    2     13.2674378   0.0376793698
    3      4.1235098   0.1738967435
    4      1.5864628   0.4180364347
    5      0.6890019   0.4258595477
    6      0.3158200   0.1017082955
****
-Ne  0
     1     S         6
    1   2146.9554750   0.0091635963
    2    393.6419362   0.0493614929
    3    110.1268283   0.1685383049
    4     37.8315378   0.3705627997
    5     14.6910932   0.4164915298
    6      6.0506035   0.1303340841
     1         S     6
    1     85.5044292  -0.0132527881
    2     16.9235580  -0.0469917101
    3      5.2598292  -0.0337853715
    4      2.0236459   0.2502417861
    5      0.8788708   0.5951172526
    6      0.4028508   0.2407061763
     1         P     6
    1     85.5044292   0.0037596966
    2     16.9235580   0.0376793698
    3      5.2598292   0.1738967435
    4      2.0236459   0.4180364347
    5      0.8788708   0.4258595477
    6      0.4028508   0.1017082955
****
-Na  0
     1     S         6
    1   2600.7567710   0.0091635963
    2    476.8459071   0.0493614929
    3    133.4043010   0.1685383049
    4     45.8279779   0.3705627997
    5     17.7963449   0.4164915298
    6      7.3295176   0.1303340841
     1         S     6
    1    124.8424044  -0.0132527881
    2     24.7095699  -0.0469917101
    3      7.6797159  -0.0337853715
    4      2.9546635   0.2502417861
    5      1.2832124   0.5951172526
    6      0.5881901   0.2407061763
     1         P     6
    1    124.8424044   0.0037596966
    2     24.7095699   0.0376793698
    3      7.6797159   0.1738967435
    4      2.9546635   0.4180364347
    5      1.2832124   0.4258595477
    6      0.5881901   0.1017082955
     1         S     6
    1      9.4330060  -0.0079431264
    2      2.5262438  -0.0710026417
    3      0.9473683  -0.1785026925
    4      0.4240594   0.1510635058
    5      0.2098454   0.7354914767
    6      0.1081471   0.2760593123
     1         P     6
    1      9.4330060  -0.0071393589
    2      2.5262438  -0.0182927707
    3      0.9473683   0.0762162143
    4      0.4240594   0.4145098597
    5      0.2098454   0.4889621471
    6      0.1081471   0.1058816521
****
-Mg  0
     1     S         6
    1   3103.3863240   0.0091635963
    2    569.0024854   0.0493614929
    3    159.1863906   0.1685383049
    4     54.6848215   0.3705627997
    5     21.2357164   0.4164915298
    6      8.7460407   0.1303340841
     1         S     6
    1    156.7952315  -0.0132527881
    2     31.0338683  -0.0469917101
    3      9.6453031  -0.0337853715
    4      3.7108958   0.2502417861
    5      1.6116446   0.5951172526
    6      0.7387346   0.2407061763
     1         P     6
    1    156.7952315   0.0037596966
    2     31.0338683   0.0376793698
    3      9.6453031   0.1738967435
    4      3.7108958   0.4180364347
    5      1.6116446   0.4258595477
    6      0.7387346   0.1017082955
     1         S     6
    1      8.9016775  -0.0079431264
    2      2.3839492  -0.0710026417
    3      0.8940063  -0.1785026925
    4      0.4001736   0.1510635058
    5      0.1980255   0.7354914767
    6      0.1020555   0.2760593123
     1         P     6
    1      8.9016775  -0.0071393589
    2      2.3839492  -0.0182927707
    3      0.8940063   0.0762162143
    4      0.4001736   0.4145098597
    5      0.1980255   0.4889621471
    6      0.1020555   0.1058816521
****
-Al  0
     1     S         6
    1   3644.5863880   0.0091635963
    2    668.2309248   0.0493614929
    3    186.9469321   0.1685383049
    4     64.2213167   0.3705627997
    5     24.9390166   0.4164915298
    6     10.2712643   0.1303340841
     1         S     6
    1    195.9641441  -0.0132527881
    2     38.7864183  -0.0469917101
    3     12.0547899  -0.0337853715
    4      4.6379122   0.2502417861
    5      2.0142484   0.5951172526
    6      0.9232774   0.2407061763
     1         P     6
    1    195.9641441   0.0037596966
    2     38.7864183   0.0376793698
    3     12.0547899   0.1738967435
    4      4.6379122   0.4180364347
    5      2.0142484   0.4258595477
    6      0.9232774   0.1017082955
     1         S     6
    1      8.9016775  -0.0079431264
    2      2.3839492  -0.0710026417
    3      0.8940063  -0.1785026925
    4      0.4001736   0.1510635058
    5      0.1980255   0.7354914767
    6      0.1020555   0.2760593123
     1         P     6
    1      8.9016775  -0.0071393589
    2      2.3839492  -0.0182927707
    3      0.8940063   0.0762162143
    4      0.4001736   0.4145098597
    5      0.1980255   0.4889621471
    6      0.1020555   0.1058816521
****
-Si  0
     1     S         6
    1   4229.2617370   0.0091635963
    2    775.4305100   0.0493614929
    3    216.9375129   0.1685383049
    4     74.5238907   0.3705627997
    5     28.9398076   0.4164915298
    6     11.9190109   0.1303340841
     1         S     6
    1    240.4904849  -0.0132527881
    2     47.5993432  -0.0469917101
    3     14.7938404  -0.0337853715
    4      5.6917236   0.2502417861
    5      2.4719195   0.5951172526
    6      1.1330615   0.2407061763
     1         P     6
    1    240.4904849   0.0037596966
    2     47.5993432   0.0376793698
    3     14.7938404   0.1738967435
    4      5.6917236   0.4180364347
    5      2.4719195   0.4258595477
    6      1.1330615   0.1017082955
     1         S     6
    1      9.4330060  -0.0079431264
    2      2.5262438  -0.0710026417
    3      0.9473683  -0.1785026925
    4      0.4240594   0.1510635058
    5      0.2098454   0.7354914767
    6      0.1081471   0.2760593123
     1         P     6
    1      9.4330060  -0.0071393589
    2      2.5262438  -0.0182927707
    3      0.9473683   0.0762162143
    4      0.4240594   0.4145098597
    5      0.2098454   0.4889621471
    6      0.1081471   0.1058816521
****
-P   0
     1     S         6
    1   4857.4123710   0.0091635963
    2    890.6012410   0.0493614929
    3    249.1581331   0.1685383049
    4     85.5925433   0.3705627997
    5     33.2380893   0.4164915298
    6     13.6892807   0.1303340841
     1         S     6
    1    290.6649590  -0.0132527881
    2     57.5301810  -0.0469917101
    3     17.8803374  -0.0337853715
    4      6.8792103   0.2502417861
    5      2.9876457   0.5951172526
    6      1.3694566   0.2407061763
     1         P     6
    1    290.6649590   0.0037596966
    2     57.5301810   0.0376793698
    3     17.8803374   0.1738967435
    4      6.8792103   0.4180364347
    5      2.9876457   0.4258595477
    6      1.3694566   0.1017082955
     1         S     6
    1     11.1193965  -0.0079431264
    2      2.9778743  -0.0710026417
    3      1.1167345  -0.1785026925
    4      0.4998709   0.1510635058
    5      0.2473606   0.7354914767
    6      0.1274811   0.2760593123
     1         P     6
    1     11.1193965  -0.0071393589
    2      2.9778743  -0.0182927707
    3      1.1167345   0.0762162143
    4      0.4998709   0.4145098597
    5      0.2473606   0.4889621471
    6      0.1274811   0.1058816521
****
-S   0
     1     S         6
    1   5529.0382890   0.0091635963
    2   1013.7431180   0.0493614929
    3    283.6087927   0.1685383049
    4     97.4272747   0.3705627997
    5     37.8338618   0.4164915298
    6     15.5820736   0.1303340841
     1         S     6
    1    345.5896791  -0.0132527881
    2     68.4012166  -0.0469917101
    3     21.2590471  -0.0337853715
    4      8.1791217   0.2502417861
    5      3.5521981   0.5951172526
    6      1.6282323   0.2407061763
     1         P     6
    1    345.5896791   0.0037596966
    2     68.4012166   0.0376793698
    3     21.2590471   0.1738967435
    4      8.1791217   0.4180364347
    5      3.5521981   0.4258595477
    6      1.6282323   0.1017082955
     1         S     6
    1     12.9443944  -0.0079431264
    2      3.4666251  -0.0710026417
    3      1.3000212  -0.1785026925
    4      0.5819134   0.1510635058
    5      0.2879593   0.7354914767
    6      0.1484043   0.2760593123
     1         P     6
    1     12.9443944  -0.0071393589
    2      3.4666251  -0.0182927707
    3      1.3000212   0.0762162143
    4      0.5819134   0.4145098597
    5      0.2879593   0.4889621471
    6      0.1484043   0.1058816521
****
-Cl  0
     1     S         6
    1   6236.5455250   0.0091635963
    2   1143.4637950   0.0493614929
    3    319.8999635   0.1685383049
    4    109.8942714   0.3705627997
    5     42.6751614   0.4164915298
    6     17.5759881   0.1303340841
     1         S     6
    1    403.9729660  -0.0132527881
    2     79.9567927  -0.0469917101
    3     24.8505116  -0.0337853715
    4      9.5608875   0.2502417861
    5      4.1523000   0.5951172526
    6      1.9033029   0.2407061763
     1         P     6
    1    403.9729660   0.0037596966
    2     79.9567927   0.0376793698
    3     24.8505116   0.1738967435
    4      9.5608875   0.4180364347
    5      4.1523000   0.4258595477
    6      1.9033029   0.1017082955
     1         S     6
    1     13.5835287  -0.0079431264
    2      3.6377910  -0.0710026417
    3      1.3642103  -0.1785026925
    4      0.6106456   0.1510635058
    5      0.3021774   0.7354914767
    6      0.1557318   0.2760593123
     1         P     6
    1     13.5835287  -0.0071393589
    2      3.6377910  -0.0182927707
    3      1.3642103   0.0762162143
    4      0.6106456   0.4145098597
    5      0.3021774   0.4889621471
    6      0.1557318   0.1058816521
****
-Ar  0
     1     S         6
    1   6994.6738140   0.0091635963
    2   1282.4657870   0.0493614929
    3    358.7877117   0.1685383049
    4    123.2532624   0.3705627997
    5     47.8628486   0.4164915298
    6     19.7125642   0.1303340841
     1         S     6
    1    468.2992148  -0.0132527881
    2     92.6886361  -0.0469917101
    3     28.8075590  -0.0337853715
    4     11.0833063   0.2502417861
    5      4.8134875   0.5951172526
    6      2.2063735   0.2407061763
     1         P     6
    1    468.2992148   0.0037596966
    2     92.6886361   0.0376793698
    3     28.8075590   0.1738967435
    4     11.0833063   0.4180364347
    5      4.8134875   0.4258595477
    6      2.2063735   0.1017082955
     1         S     6
    1     16.7219091  -0.0079431264
    2      4.4782775  -0.0710026417
    3      1.6794016  -0.1785026925
    4      0.7517310   0.1510635058
    5      0.3719934   0.7354914767
    6      0.1917126   0.2760593123
     1         P     6
    1     16.7219091  -0.0071393589
    2      4.4782775  -0.0182927707
    3      1.6794016   0.0762162143
    4      0.7517310   0.4145098597
    5      0.3719934   0.4889621471
    6      0.1917126   0.1058816521
****
-K   0
     1     S         6
    1   8001.3214120   0.0091635963
    2   1467.0335220   0.0493614929
    3    410.4231128   0.1685383049
    4    140.9914163   0.3705627997
    5     54.7510928   0.4164915298
    6     22.5495236   0.1303340841
     1         S     6
    1    543.3465051  -0.0132527881
    2    107.5424534  -0.0469917101
    3     33.4241144  -0.0337853715
    4     12.8594616   0.2502417861
    5      5.5848729   0.5951172526
    6      2.5599559   0.2407061763
     1         P     6
    1    543.3465051   0.0037596966
    2    107.5424534   0.0376793698
    3     33.4241144   0.1738967435
    4     12.8594616   0.4180364347
    5      5.5848729   0.4258595477
    6      2.5599559   0.1017082955
     1         S     6
    1     23.2937496  -0.0079431264
    2      6.2382754  -0.0710026417
    3      2.3394196  -0.1785026925
    4      1.0471672   0.1510635058
    5      0.5181897   0.7354914767
    6      0.2670571   0.2760593123
     1         P     6
    1     23.2937496  -0.0071393589
    2      6.2382754  -0.0182927707
    3      2.3394196   0.0762162143
    4      1.0471672   0.4145098597
    5      0.5181897   0.4889621471
    6      0.2670571   0.1058816521
     1         S     6
    1      2.7919960   0.0037750560
    2      0.8983681  -0.0558596500
    3      0.3838418  -0.3192946000
    4      0.1914082  -0.0276478000
    5      0.1033137   0.9049199000
    6      0.0574485   0.3406258000
     1         P     6
    1      2.7919960  -0.0070520750
    2      0.8983681  -0.0525950500
    3      0.3838418  -0.0377345000
    4      0.1914082   0.3874773000
    5      0.1033137   0.5791672000
    6      0.0574485   0.1221817000
****
-Ca  0
     1     S         6
    1   8857.1570420   0.0091635963
    2   1623.9500480   0.0493614929
    3    454.3227021   0.1685383049
    4    156.0721100   0.3705627997
    5     60.6073675   0.4164915298
    6     24.9614609   0.1303340841
     1         S     6
    1    617.5690999  -0.0132527881
    2    122.2330419  -0.0469917101
    3     37.9899383  -0.0337853715
    4     14.6160986   0.2502417861
    5      6.3477816   0.5951172526
    6      2.9096527   0.2407061763
     1         P     6
    1    617.5690999   0.0037596966
    2    122.2330419   0.0376793698
    3     37.9899383   0.1738967435
    4     14.6160986   0.4180364347
    5      6.3477816   0.4258595477
    6      2.9096527   0.1017082955
     1         S     6
    1     27.9066051  -0.0079431264
    2      7.4736395  -0.0710026417
    3      2.8026942  -0.1785026925
    4      1.2545375   0.1510635058
    5      0.6208067   0.7354914767
    6      0.3199424   0.2760593123
     1         P     6
    1     27.9066051  -0.0071393589
    2      7.4736395  -0.0182927707
    3      2.8026942   0.0762162143
    4      1.2545375   0.4145098597
    5      0.6208067   0.4889621471
    6      0.3199424   0.1058816521
     1         S     6
    1      2.5253440   0.0037750560
    2      0.8125687  -0.0558596500
    3      0.3471827  -0.3192946000
    4      0.1731276  -0.0276478000
    5      0.0934467   0.9049199000
    6      0.0519618   0.3406258000
     1         P     6
    1      2.5253440  -0.0070520750
    2      0.8125687  -0.0525950500
    3      0.3471827  -0.0377345000
    4      0.1731276   0.3874773000
    5      0.0934467   0.5791672000
    6      0.0519618   0.1221817000
****
-Sc  0
     1     S         6
    1   9765.9656120   0.0091635963
    2   1790.5791050   0.0493614929
    3    500.9395073   0.1685383049
    4    172.0862408   0.3705627997
    5     66.8261231   0.4164915298
    6     27.5226879   0.1303340841
     1         S     6
    1    696.5419408  -0.0132527881
    2    137.8638281  -0.0469917101
    3     42.8479750  -0.0337853715
    4     16.4851604   0.2502417861
    5      7.1595164   0.5951172526
    6      3.2817302   0.2407061763
     1         P     6
    1    696.5419408   0.0037596966
    2    137.8638281   0.0376793698
    3     42.8479750   0.1738967435
    4     16.4851604   0.4180364347
    5      7.1595164   0.4258595477
    6      3.2817302   0.1017082955
     1         S     6
    1     28.1354192  -0.0097373955
    2      8.1015683  -0.0726587678
    3      3.1865496  -0.1716155198
    4      1.4563615   0.1289776243
    5      0.7247816   0.7288614510
    6      0.3722203   0.3013317422
     1         P     6
    1     28.1354192  -0.0081049434
    2      8.1015683  -0.0171547891
    3      3.1865496   0.0736978576
    4      1.4563615   0.3965149986
    5      0.7247816   0.4978084880
    6      0.3722203   0.1174825823
     1     D         6
    1      3.3039137   0.0066334344
    2      0.9513589   0.0595817796
    3      0.3741933   0.2401949582
    4      0.1710191   0.4648114679
    5      0.0851104   0.3434092326
    6      0.0437095   0.0538905698
     1         S     6
    1      3.4952858   0.0037750560
    2      1.1246625  -0.0558596500
    3      0.4805297  -0.3192946000
    4      0.2396229  -0.0276478000
    5      0.1293379   0.9049199000
    6      0.0719195   0.3406258000
     1         P     6
    1      3.4952858  -0.0070520750
    2      1.1246625  -0.0525950500
    3      0.4805297  -0.0377345000
    4      0.2396229   0.3874773000
    5      0.1293379   0.5791672000
    6      0.0719195   0.1221817000
****
-Ti  0
     1     S         6
    1  10719.1504900   0.0091635963
    2   1965.3445080   0.0493614929
    3    549.8325692   0.1685383049
    4    188.8823272   0.3705627997
    5     73.3485349   0.4164915298
    6     30.2089772   0.1303340841
     1         S     6
    1    780.2650277  -0.0132527881
    2    154.4348120  -0.0469917101
    3     47.9982245  -0.0337853715
    4     18.4666470   0.2502417861
    5      8.0200774   0.5951172526
    6      3.6761883   0.2407061763
     1         P     6
    1    780.2650277   0.0037596966
    2    154.4348120   0.0376793698
    3     47.9982245   0.1738967435
    4     18.4666470   0.4180364347
    5      8.0200774   0.4258595477
    6      3.6761883   0.1017082955
     1         S     6
    1     32.3117300  -0.0097373955
    2      9.3041332  -0.0726587678
    3      3.6595485  -0.1716155198
    4      1.6725381   0.1289776243
    5      0.8323653   0.7288614510
    6      0.4274713   0.3013317422
     1         P     6
    1     32.3117300  -0.0081049434
    2      9.3041332  -0.0171547891
    3      3.6595485   0.0736978576
    4      1.6725381   0.3965149986
    5      0.8323653   0.4978084880
    6      0.4274713   0.1174825823
     1     D         6
    1      9.8571310   0.0066334344
    2      2.8383519   0.0595817796
    3      1.1163949   0.2401949582
    4      0.5102304   0.4648114679
    5      0.2539243   0.3434092326
    6      0.1304059   0.0538905698
     1         S     6
    1      3.9458499   0.0037750560
    2      1.2696386  -0.0558596500
    3      0.5424729  -0.3192946000
    4      0.2705118  -0.0276478000
    5      0.1460104   0.9049199000
    6      0.0811903   0.3406258000
     1         P     6
    1      3.9458499  -0.0070520750
    2      1.2696386  -0.0525950500
    3      0.5424729  -0.0377345000
    4      0.2705118   0.3874773000
    5      0.1460104   0.5791672000
    6      0.0811903   0.1221817000
****
-V   0
     1     S         6
    1  11727.1195800   0.0091635963
    2   2150.1545370   0.0493614929
    3    601.5357556   0.1685383049
    4    206.6437671   0.3705627997
    5     80.2458218   0.4164915298
    6     33.0496609   0.1303340841
     1         S     6
    1    868.7383606  -0.0132527881
    2    171.9459935  -0.0469917101
    3     53.4406866  -0.0337853715
    4     20.5605584   0.2502417861
    5      8.9294645   0.5951172526
    6      4.0930269   0.2407061763
     1         P     6
    1    868.7383606   0.0037596966
    2    171.9459935   0.0376793698
    3     53.4406866   0.1738967435
    4     20.5605584   0.4180364347
    5      8.9294645   0.4258595477
    6      4.0930269   0.1017082955
     1         S     6
    1     36.7769284  -0.0097373955
    2     10.5898830  -0.0726587678
    3      4.1652661  -0.1716155198
    4      1.9036682   0.1289776243
    5      0.9473909   0.7288614510
    6      0.4865440   0.3013317422
     1         P     6
    1     36.7769284  -0.0081049434
    2     10.5898830  -0.0171547891
    3      4.1652661   0.0736978576
    4      1.9036682   0.3965149986
    5      0.9473909   0.4978084880
    6      0.4865440   0.1174825823
     1     D         6
    1     17.7551231   0.0066334344
    2      5.1125715   0.0595817796
    3      2.0109024   0.2401949582
    4      0.9190507   0.4648114679
    5      0.4573803   0.3434092326
    6      0.2348932   0.0538905698
     1         S     6
    1      3.9458499   0.0037750560
    2      1.2696386  -0.0558596500
    3      0.5424729  -0.3192946000
    4      0.2705118  -0.0276478000
    5      0.1460104   0.9049199000
    6      0.0811903   0.3406258000
     1         P     6
    1      3.9458499  -0.0070520750
    2      1.2696386  -0.0525950500
    3      0.5424729  -0.0377345000
    4      0.2705118   0.3874773000
    5      0.1460104   0.5791672000
    6      0.0811903   0.1221817000
****
-Cr  0
     1     S         6
    1  12780.3752300   0.0091635963
    2   2343.2678090   0.0493614929
    3    655.5618898   0.1685383049
    4    225.2032023   0.3705627997
    5     87.4529936   0.4164915298
    6     36.0179722   0.1303340841
     1         S     6
    1    961.9619397  -0.0132527881
    2    190.3973727  -0.0469917101
    3     59.1753615  -0.0337853715
    4     22.7668945   0.2502417861
    5      9.8876778   0.5951172526
    6      4.5322462   0.2407061763
     1         P     6
    1    961.9619397   0.0037596966
    2    190.3973727   0.0376793698
    3     59.1753615   0.1738967435
    4     22.7668945   0.4180364347
    5      9.8876778   0.4258595477
    6      4.5322462   0.1017082955
     1         S     6
    1     41.3183080  -0.0097373955
    2     11.8975691  -0.0726587678
    3      4.6796118  -0.1716155198
    4      2.1387416   0.1289776243
    5      1.0643790   0.7288614510
    6      0.5466247   0.3013317422
     1         P     6
    1     41.3183080  -0.0081049434
    2     11.8975691  -0.0171547891
    3      4.6796118   0.0736978576
    4      2.1387416   0.3965149986
    5      1.0643790   0.4978084880
    6      0.5466247   0.1174825823
     1     D         6
    1     25.4005432   0.0066334344
    2      7.3140632   0.0595817796
    3      2.8768042   0.2401949582
    4      1.3147973   0.4648114679
    5      0.6543299   0.3434092326
    6      0.3360390   0.0538905698
     1         S     6
    1      4.1813721   0.0037750560
    2      1.3454215  -0.0558596500
    3      0.5748524  -0.3192946000
    4      0.2866583  -0.0276478000
    5      0.1547256   0.9049199000
    6      0.0860365   0.3406258000
     1         P     6
    1      4.1813721  -0.0070520750
    2      1.3454215  -0.0525950500
    3      0.5748524  -0.0377345000
    4      0.2866583   0.3874773000
    5      0.1547256   0.5791672000
    6      0.0860365   0.1221817000
****
-Mn  0
     1     S         6
    1  13867.5946500   0.0091635963
    2   2542.6082990   0.0493614929
    3    711.3301755   0.1685383049
    4    244.3611136   0.3705627997
    5     94.8925712   0.4164915298
    6     39.0820011   0.1303340841
     1         S     6
    1   1057.8461930  -0.0132527881
    2    209.3753687  -0.0469917101
    3     65.0737085  -0.0337853715
    4     25.0362012   0.2502417861
    5     10.8732392   0.5951172526
    6      4.9840011   0.2407061763
     1         P     6
    1   1057.8461930   0.0037596966
    2    209.3753687   0.0376793698
    3     65.0737085   0.1738967435
    4     25.0362012   0.4180364347
    5     10.8732392   0.4258595477
    6      4.9840011   0.1017082955
     1         S     6
    1     46.1240007  -0.0097373955
    2     13.2813639  -0.0726587678
    3      5.2238929  -0.1716155198
    4      2.3874966   0.1289776243
    5      1.1881759   0.7288614510
    6      0.6102021   0.3013317422
     1         P     6
    1     46.1240007  -0.0081049434
    2     13.2813639  -0.0171547891
    3      5.2238929   0.0736978576
    4      2.3874966   0.3965149986
    5      1.1881759   0.4978084880
    6      0.6102021   0.1174825823
     1     D         6
    1     32.4998620   0.0066334344
    2      9.3583056   0.0595817796
    3      3.6808559   0.2401949582
    4      1.6822762   0.4648114679
    5      0.8372117   0.3434092326
    6      0.4299602   0.0538905698
     1         S     6
    1      3.7171545   0.0037750560
    2      1.1960522  -0.0558596500
    3      0.5110320  -0.3192946000
    4      0.2548334  -0.0276478000
    5      0.1375479   0.9049199000
    6      0.0764847   0.3406258000
     1         P     6
    1      3.7171545  -0.0070520750
    2      1.1960522  -0.0525950500
    3      0.5110320  -0.0377345000
    4      0.2548334   0.3874773000
    5      0.1375479   0.5791672000
    6      0.0764847   0.1221817000
****
-Fe  0
     1     S         6
    1  15010.9659900   0.0091635963
    2   2752.2441830   0.0493614929
    3    769.9787412   0.1685383049
    4    264.5084788   0.3705627997
    5    102.7163826   0.4164915298
    6     42.3042787   0.1303340841
     1         S     6
    1   1160.4713000  -0.0132527881
    2    229.6875558  -0.0469917101
    3     71.3867211  -0.0337853715
    4     27.4650447   0.2502417861
    5     11.9280876   0.5951172526
    6      5.4675153   0.2407061763
     1         P     6
    1   1160.4713000   0.0037596966
    2    229.6875558   0.0376793698
    3     71.3867211   0.1738967435
    4     27.4650447   0.4180364347
    5     11.9280876   0.4258595477
    6      5.4675153   0.1017082955
     1         S     6
    1     51.1940064  -0.0097373955
    2     14.7412674  -0.0726587678
    3      5.7981096  -0.1716155198
    4      2.6499331   0.1289776243
    5      1.3187816   0.7288614510
    6      0.6772762   0.3013317422
     1         P     6
    1     51.1940064  -0.0081049434
    2     14.7412674  -0.0171547891
    3      5.7981096   0.0736978576
    4      2.6499331   0.3965149986
    5      1.3187816   0.4978084880
    6      0.6772762   0.1174825823
     1     D         6
    1     38.3977575   0.0066334344
    2     11.0565992   0.0595817796
    3      4.3488373   0.2401949582
    4      1.9875665   0.4648114679
    5      0.9891443   0.3434092326
    6      0.5079870   0.0538905698
     1         S     6
    1      3.2802438   0.0037750560
    2      1.0554694  -0.0558596500
    3      0.4509658  -0.3192946000
    4      0.2248805  -0.0276478000
    5      0.1213806   0.9049199000
    6      0.0674947   0.3406258000
     1         P     6
    1      3.2802438  -0.0070520750
    2      1.0554694  -0.0525950500
    3      0.4509658  -0.0377345000
    4      0.2248805   0.3874773000
    5      0.1213806   0.5791672000
    6      0.0674947   0.1221817000
****
-Co  0
     1     S         6
    1  16150.7193900   0.0091635963
    2   2961.2167220   0.0493614929
    3    828.4417269   0.1685383049
    4    284.5920923   0.3705627997
    5    110.5154375   0.4164915298
    6     45.5163602   0.1303340841
     1         S     6
    1   1263.2778410  -0.0132527881
    2    250.0356532  -0.0469917101
    3     77.7108947  -0.0337853715
    4     29.8981822   0.2502417861
    5     12.9848009   0.5951172526
    6      5.9518843   0.2407061763
     1         P     6
    1   1263.2778410   0.0037596966
    2    250.0356532   0.0376793698
    3     77.7108947   0.1738967435
    4     29.8981822   0.4180364347
    5     12.9848009   0.4258595477
    6      5.9518843   0.1017082955
     1         S     6
    1     56.7770745  -0.0097373955
    2     16.3489068  -0.0726587678
    3      6.4304344  -0.1716155198
    4      2.9389271   0.1289776243
    5      1.4626041   0.7288614510
    6      0.7511380   0.3013317422
     1         P     6
    1     56.7770745  -0.0081049434
    2     16.3489068  -0.0171547891
    3      6.4304344   0.0736978576
    4      2.9389271   0.3965149986
    5      1.4626041   0.4978084880
    6      0.7511380   0.1174825823
     1     D         6
    1     45.8998260   0.0066334344
    2     13.2168130   0.0595817796
    3      5.1985035   0.2401949582
    4      2.3758928   0.4648114679
    5      1.1824011   0.3434092326
    6      0.6072363   0.0538905698
     1         S     6
    1      3.2802438   0.0037750560
    2      1.0554694  -0.0558596500
    3      0.4509658  -0.3192946000
    4      0.2248805  -0.0276478000
    5      0.1213806   0.9049199000
    6      0.0674947   0.3406258000
     1         P     6
    1      3.2802438  -0.0070520750
    2      1.0554694  -0.0525950500
    3      0.4509658  -0.0377345000
    4      0.2248805   0.3874773000
    5      0.1213806   0.5791672000
    6      0.0674947   0.1221817000
****
-Ni  0
     1     S         6
    1  17420.8778600   0.0091635963
    2   3194.0988860   0.0493614929
    3    893.5937642   0.1685383049
    4    306.9735755   0.3705627997
    5    119.2068223   0.4164915298
    6     49.0959525   0.1303340841
     1         S     6
    1   1377.5878530  -0.0132527881
    2    272.6605878  -0.0469917101
    3     84.7427075  -0.0337853715
    4     32.6035741   0.2502417861
    5     14.1597544   0.5951172526
    6      6.4904515   0.2407061763
     1         P     6
    1   1377.5878530   0.0037596966
    2    272.6605878   0.0376793698
    3     84.7427075   0.1738967435
    4     32.6035741   0.4180364347
    5     14.1597544   0.4258595477
    6      6.4904515   0.1017082955
     1         S     6
    1     61.8667399  -0.0097373955
    2     17.8144713  -0.0726587678
    3      7.0068776  -0.1716155198
    4      3.2023812   0.1289776243
    5      1.5937163   0.7288614510
    6      0.8184722   0.3013317422
     1         P     6
    1     61.8667399  -0.0081049434
    2     17.8144713  -0.0171547891
    3      7.0068776   0.0736978576
    4      3.2023812   0.3965149986
    5      1.5937163   0.4978084880
    6      0.8184722   0.1174825823
     1     D         6
    1     51.6680225   0.0066334344
    2     14.8777599   0.0595817796
    3      5.8517955   0.2401949582
    4      2.6744694   0.4648114679
    5      1.3309925   0.3434092326
    6      0.6835473   0.0538905698
     1         S     6
    1      3.4952858   0.0037750560
    2      1.1246625  -0.0558596500
    3      0.4805297  -0.3192946000
    4      0.2396229  -0.0276478000
    5      0.1293379   0.9049199000
    6      0.0719195   0.3406258000
     1         P     6
    1      3.4952858  -0.0070520750
    2      1.1246625  -0.0525950500
    3      0.4805297  -0.0377345000
    4      0.2396229   0.3874773000
    5      0.1293379   0.5791672000
    6      0.0719195   0.1221817000
****
-Cu  0
     1     S         6
    1  18686.5081300   0.0091635963
    2   3426.1508110   0.0493614929
    3    958.5135305   0.1685383049
    4    329.2752674   0.3705627997
    5    127.8672219   0.4164915298
    6     52.6627833   0.1303340841
     1         S     6
    1   1494.3647360  -0.0132527881
    2    295.7737804  -0.0469917101
    3     91.9262705  -0.0337853715
    4     35.3673497   0.2502417861
    5     15.3600641   0.5951172526
    6      7.0406412   0.2407061763
     1         P     6
    1   1494.3647360   0.0037596966
    2    295.7737804   0.0376793698
    3     91.9262705   0.1738967435
    4     35.3673497   0.4180364347
    5     15.3600641   0.4258595477
    6      7.0406412   0.1017082955
     1         S     6
    1     67.7176708  -0.0097373955
    2     19.4992415  -0.0726587678
    3      7.6695399  -0.1716155198
    4      3.5052404   0.1289776243
    5      1.7444390   0.7288614510
    6      0.8958777   0.3013317422
     1         P     6
    1     67.7176708  -0.0081049434
    2     19.4992415  -0.0171547891
    3      7.6695399   0.0736978576
    4      3.5052404   0.3965149986
    5      1.7444390   0.4978084880
    6      0.8958777   0.1174825823
     1     D         6
    1     57.7775324   0.0066334344
    2     16.6369877   0.0595817796
    3      6.5437438   0.2401949582
    4      2.9907133   0.4648114679
    5      1.4883764   0.3434092326
    6      0.7643736   0.0538905698
     1         S     6
    1      3.4952858   0.0037750560
    2      1.1246625  -0.0558596500
    3      0.4805297  -0.3192946000
    4      0.2396229  -0.0276478000
    5      0.1293379   0.9049199000
    6      0.0719195   0.3406258000
     1         P     6
    1      3.4952858  -0.0070520750
    2      1.1246625  -0.0525950500
    3      0.4805297  -0.0377345000
    4      0.2396229   0.3874773000
    5      0.1293379   0.5791672000
    6      0.0719195   0.1221817000
****
-Zn  0
     1     S         6
    1  20010.1108400   0.0091635963
    2   3668.8319180   0.0493614929
    3   1026.4069590   0.1685383049
    4    352.5984925   0.3705627997
    5    136.9243127   0.4164915298
    6     56.3929934   0.1303340841
     1         S     6
    1   1615.8918640  -0.0132527881
    2    319.8271707  -0.0469917101
    3     99.4020463  -0.0337853715
    4     38.2435501   0.2502417861
    5     16.6091999   0.5951172526
    6      7.6132115   0.2407061763
     1         P     6
    1   1615.8918640   0.0037596966
    2    319.8271707   0.0376793698
    3     99.4020463   0.1738967435
    4     38.2435501   0.4180364347
    5     16.6091999   0.4258595477
    6      7.6132115   0.1017082955
     1         S     6
    1     73.5492150  -0.0097373955
    2     21.1784293  -0.0726587678
    3      8.3300065  -0.1716155198
    4      3.8070961   0.1289776243
    5      1.8946623   0.7288614510
    6      0.9730267   0.3013317422
     1         P     6
    1     73.5492150  -0.0081049434
    2     21.1784293  -0.0171547891
    3      8.3300065   0.0736978576
    4      3.8070961   0.3965149986
    5      1.8946623   0.4978084880
    6      0.9730267   0.1174825823
     1     D         6
    1     65.5594779   0.0066334344
    2     18.8777918   0.0595817796
    3      7.4251082   0.2401949582
    4      3.3935268   0.4648114679
    5      1.6888429   0.3434092326
    6      0.8673257   0.0538905698
     1         S     6
    1      4.9288991   0.0037750560
    2      1.5859499  -0.0558596500
    3      0.6776219  -0.3192946000
    4      0.3379057  -0.0276478000
    5      0.1823867   0.9049199000
    6      0.1014177   0.3406258000
     1         P     6
    1      4.9288991  -0.0070520750
    2      1.5859499  -0.0525950500
    3      0.6776219  -0.0377345000
    4      0.3379057   0.3874773000
    5      0.1823867   0.5791672000
    6      0.1014177   0.1221817000
****
-Ga  0
     1     S         6
    1  21379.0001100   0.0091635963
    2   3919.8162680   0.0493614929
    3   1096.6233350   0.1685383049
    4    376.7197129   0.3705627997
    5    146.2912884   0.4164915298
    6     60.2508313   0.1303340841
     1         S     6
    1   1739.4900090  -0.0132527881
    2    344.2904693  -0.0469917101
    3    107.0052212  -0.0337853715
    4     41.1687656   0.2502417861
    5     17.8796229   0.5951172526
    6      8.1955394   0.2407061763
     1         P     6
    1   1739.4900090   0.0037596966
    2    344.2904693   0.0376793698
    3    107.0052212   0.1738967435
    4     41.1687656   0.4180364347
    5     17.8796229   0.4258595477
    6      8.1955394   0.1017082955
     1         S     6
    1     75.5465810  -0.0097373955
    2     21.7535690  -0.0726587678
    3      8.5562233  -0.1716155198
    4      3.9104849   0.1289776243
    5      1.9461154   0.7288614510
    6      0.9994510   0.3013317422
     1         P     6
    1     75.5465810  -0.0081049434
    2     21.7535690  -0.0171547891
    3      8.5562233   0.0736978576
    4      3.9104849   0.3965149986
    5      1.9461154   0.4978084880
    6      0.9994510   0.1174825823
     1     D         6
    1     75.5465810   0.0066334344
    2     21.7535690   0.0595817796
    3      8.5562233   0.2401949582
    4      3.9104849   0.4648114679
    5      1.9461154   0.3434092326
    6      0.9994510   0.0538905698
     1         S     6
    1      4.4237210   0.0037750560
    2      1.4234010  -0.0558596500
    3      0.6081704  -0.3192946000
    4      0.3032727  -0.0276478000
    5      0.1636933   0.9049199000
    6      0.0910231   0.3406258000
     1         P     6
    1      4.4237210  -0.0070520750
    2      1.4234010  -0.0525950500
    3      0.6081704  -0.0377345000
    4      0.3032727   0.3874773000
    5      0.1636933   0.5791672000
    6      0.0910231   0.1221817000
****
-Ge  0
     1     S         6
    1  22778.6649300   0.0091635963
    2   4176.4432800   0.0493614929
    3   1168.4183250   0.1685383049
    4    401.3832297   0.3705627997
    5    155.8688538   0.4164915298
    6     64.1954016   0.1303340841
     1         S     6
    1   1870.4186660  -0.0132527881
    2    370.2046675  -0.0469917101
    3    115.0593347  -0.0337853715
    4     44.2674733   0.2502417861
    5     19.2253938   0.5951172526
    6      8.8124046   0.2407061763
     1         P     6
    1   1870.4186660   0.0037596966
    2    370.2046675   0.0376793698
    3    115.0593347   0.1738967435
    4     44.2674733   0.4180364347
    5     19.2253938   0.4258595477
    6      8.8124046   0.1017082955
     1         S     6
    1     85.0181644  -0.0097373955
    2     24.4809028  -0.0726587678
    3      9.6289520  -0.1716155198
    4      4.4007583   0.1289776243
    5      2.1901078   0.7288614510
    6      1.1247563   0.3013317422
     1         P     6
    1     85.0181644  -0.0081049434
    2     24.4809028  -0.0171547891
    3      9.6289520   0.0736978576
    4      4.4007583   0.3965149986
    5      2.1901078   0.4978084880
    6      1.1247563   0.1174825823
     1     D         6
    1     85.0181644   0.0066334344
    2     24.4809028   0.0595817796
    3      9.6289520   0.2401949582
    4      4.4007583   0.4648114679
    5      2.1901078   0.3434092326
    6      1.1247563   0.0538905698
     1         S     6
    1      5.4613840   0.0037750560
    2      1.7572852  -0.0558596500
    3      0.7508276  -0.3192946000
    4      0.3744108  -0.0276478000
    5      0.2020905   0.9049199000
    6      0.1123742   0.3406258000
     1         P     6
    1      5.4613840  -0.0070520750
    2      1.7572852  -0.0525950500
    3      0.7508276  -0.0377345000
    4      0.3744108   0.3874773000
    5      0.2020905   0.5791672000
    6      0.1123742   0.1221817000
****
-As  0
     1     S         6
    1  24237.6698800   0.0091635963
    2   4443.9502410   0.0493614929
    3   1243.2571330   0.1685383049
    4    427.0923800   0.3705627997
    5    165.8524692   0.4164915298
    6     68.3072058   0.1303340841
     1         S     6
    1   2003.2224750  -0.0132527881
    2    396.4900070  -0.0469917101
    3    123.2287987  -0.0337853715
    4     47.4105606   0.2502417861
    5     20.5904388   0.5951172526
    6      9.4381046   0.2407061763
     1         P     6
    1   2003.2224750   0.0037596966
    2    396.4900070   0.0376793698
    3    123.2287987   0.1738967435
    4     47.4105606   0.4180364347
    5     20.5904388   0.4258595477
    6      9.4381046   0.1017082955
     1         S     6
    1     95.0489556  -0.0097373955
    2     27.3692600  -0.0726587678
    3     10.7650152  -0.1716155198
    4      4.9199778   0.1289776243
    5      2.4485057   0.7288614510
    6      1.2574596   0.3013317422
     1         P     6
    1     95.0489556  -0.0081049434
    2     27.3692600  -0.0171547891
    3     10.7650152   0.0736978576
    4      4.9199778   0.3965149986
    5      2.4485057   0.4978084880
    6      1.2574596   0.1174825823
     1     D         6
    1     95.0489556   0.0066334344
    2     27.3692600   0.0595817796
    3     10.7650152   0.2401949582
    4      4.9199778   0.4648114679
    5      2.4485057   0.3434092326
    6      1.2574596   0.0538905698
     1         S     6
    1      6.1364111   0.0037750560
    2      1.9744857  -0.0558596500
    3      0.8436299  -0.3192946000
    4      0.4206880  -0.0276478000
    5      0.2270689   0.9049199000
    6      0.1262636   0.3406258000
     1         P     6
    1      6.1364111  -0.0070520750
    2      1.9744857  -0.0525950500
    3      0.8436299  -0.0377345000
    4      0.4206880   0.3874773000
    5      0.2270689   0.5791672000
    6      0.1262636   0.1221817000
****
-Se  0
     1     S         6
    1  25726.5401300   0.0091635963
    2   4716.9329710   0.0493614929
    3   1319.6278640   0.1685383049
    4    453.3277871   0.3705627997
    5    176.0404454   0.4164915298
    6     72.5031770   0.1303340841
     1         S     6
    1   2137.6107300  -0.0132527881
    2    423.0889499  -0.0469917101
    3    131.4957303  -0.0337853715
    4     50.5911471   0.2502417861
    5     21.9717697   0.5951172526
    6     10.0712696   0.2407061763
     1         P     6
    1   2137.6107300   0.0037596966
    2    423.0889499   0.0376793698
    3    131.4957303   0.1738967435
    4     50.5911471   0.4180364347
    5     21.9717697   0.4258595477
    6     10.0712696   0.1017082955
     1         S     6
    1    105.6389548  -0.0097373955
    2     30.4186406  -0.0726587678
    3     11.9644129  -0.1716155198
    4      5.4681434   0.1289776243
    5      2.7213091   0.7288614510
    6      1.3975611   0.3013317422
     1         P     6
    1    105.6389548  -0.0081049434
    2     30.4186406  -0.0171547891
    3     11.9644129   0.0736978576
    4      5.4681434   0.3965149986
    5      2.7213091   0.4978084880
    6      1.3975611   0.1174825823
     1     D         6
    1    105.6389548   0.0066334344
    2     30.4186406   0.0595817796
    3     11.9644129   0.2401949582
    4      5.4681434   0.4648114679
    5      2.7213091   0.3434092326
    6      1.3975611   0.0538905698
     1         S     6
    1      6.7289712   0.0037750560
    2      2.1651511  -0.0558596500
    3      0.9250947  -0.3192946000
    4      0.4613115  -0.0276478000
    5      0.2489957   0.9049199000
    6      0.1384562   0.3406258000
     1         P     6
    1      6.7289712  -0.0070520750
    2      2.1651511  -0.0525950500
    3      0.9250947  -0.0377345000
    4      0.4613115   0.3874773000
    5      0.2489957   0.5791672000
    6      0.1384562   0.1221817000
****
-Br  0
     1     S         6
    1  27275.6607700   0.0091635963
    2   5000.9625440   0.0493614929
    3   1399.0891030   0.1685383049
    4    480.6248674   0.3705627997
    5    186.6407005   0.4164915298
    6     76.8689474   0.1303340841
     1         S     6
    1   2279.4263980  -0.0132527881
    2    451.1579717  -0.0469917101
    3    140.2195613  -0.0337853715
    4     53.9475194   0.2502417861
    5     23.4294444   0.5951172526
    6     10.7394286   0.2407061763
     1         P     6
    1   2279.4263980   0.0037596966
    2    451.1579717   0.0376793698
    3    140.2195613   0.1738967435
    4     53.9475194   0.4180364347
    5     23.4294444   0.4258595477
    6     10.7394286   0.1017082955
     1         S     6
    1    116.7881618  -0.0097373955
    2     33.6290446  -0.0726587678
    3     13.2271452  -0.1716155198
    4      6.0452549   0.1289776243
    5      3.0085179   0.7288614510
    6      1.5450606   0.3013317422
     1         P     6
    1    116.7881618  -0.0081049434
    2     33.6290446  -0.0171547891
    3     13.2271452   0.0736978576
    4      6.0452549   0.3965149986
    5      3.0085179   0.4978084880
    6      1.5450606   0.1174825823
     1     D         6
    1    116.7881618   0.0066334344
    2     33.6290446   0.0595817796
    3     13.2271452   0.2401949582
    4      6.0452549   0.4648114679
    5      3.0085179   0.3434092326
    6      1.5450606   0.0538905698
     1         S     6
    1      7.7338659   0.0037750560
    2      2.4884916  -0.0558596500
    3      1.0632470  -0.3192946000
    4      0.5302031  -0.0276478000
    5      0.2861804   0.9049199000
    6      0.1591330   0.3406258000
     1         P     6
    1      7.7338659  -0.0070520750
    2      2.4884916  -0.0525950500
    3      1.0632470  -0.0377345000
    4      0.5302031   0.3874773000
    5      0.2861804   0.5791672000
    6      0.1591330   0.1221817000
****
-Kr  0
     1     S         6
    1  28853.7364400   0.0091635963
    2   5290.3009910   0.0493614929
    3   1480.0355730   0.1685383049
    4    508.4321647   0.3705627997
    5    197.4390878   0.4164915298
    6     81.3163196   0.1303340841
     1         S     6
    1   2425.7964480  -0.0132527881
    2    480.1284244  -0.0469917101
    3    149.2235564  -0.0337853715
    4     57.4116809   0.2502417861
    5     24.9339321   0.5951172526
    6     11.4290454   0.2407061763
     1         P     6
    1   2425.7964480   0.0037596966
    2    480.1284244   0.0376793698
    3    149.2235564   0.1738967435
    4     57.4116809   0.4180364347
    5     24.9339321   0.4258595477
    6     11.4290454   0.1017082955
     1         S     6
    1    128.4965766  -0.0097373955
    2     37.0004720  -0.0726587678
    3     14.5532120  -0.1716155198
    4      6.6513125   0.1289776243
    5      3.3101322   0.7288614510
    6      1.6999583   0.3013317422
     1         P     6
    1    128.4965766  -0.0081049434
    2     37.0004720  -0.0171547891
    3     14.5532120   0.0736978576
    4      6.6513125   0.3965149986
    5      3.3101322   0.4978084880
    6      1.6999583   0.1174825823
     1     D         6
    1    128.4965766   0.0066334344
    2     37.0004720   0.0595817796
    3     14.5532120   0.2401949582
    4      6.6513125   0.4648114679
    5      3.3101322   0.3434092326
    6      1.6999583   0.0538905698
     1         S     6
    1      8.8086663   0.0037750560
    2      2.8343253  -0.0558596500
    3      1.2110098  -0.3192946000
    4      0.6038872  -0.0276478000
    5      0.3259518   0.9049199000
    6      0.1812483   0.3406258000
     1         P     6
    1      8.8086663  -0.0070520750
    2      2.8343253  -0.0525950500
    3      1.2110098  -0.0377345000
    4      0.6038872   0.3874773000
    5      0.3259518   0.5791672000
    6      0.1812483   0.1221817000
****
-Rb  0
     1     S         6
    1  30476.1884100   0.0091635963
    2   5587.7757840   0.0493614929
    3   1563.2583010   0.1685383049
    4    537.0214176   0.3705627997
    5    208.5411313   0.4164915298
    6     85.8887543   0.1303340841
     1         S     6
    1   2576.7208780  -0.0132527881
    2    510.0003080  -0.0469917101
    3    158.5077156  -0.0337853715
    4     60.9836315   0.2502417861
    5     26.4852327   0.5951172526
    6     12.1401200   0.2407061763
     1         P     6
    1   2576.7208780   0.0037596966
    2    510.0003080   0.0376793698
    3    158.5077156   0.1738967435
    4     60.9836315   0.4180364347
    5     26.4852327   0.4258595477
    6     12.1401200   0.1017082955
     1         S     6
    1    140.7641994  -0.0097373955
    2     40.5329227  -0.0726587678
    3     15.9426133  -0.1716155198
    4      7.2863161   0.1289776243
    5      3.6261519   0.7288614510
    6      1.8622540   0.3013317422
     1         P     6
    1    140.7641994  -0.0081049434
    2     40.5329227  -0.0171547891
    3     15.9426133   0.0736978576
    4      7.2863161   0.3965149986
    5      3.6261519   0.4978084880
    6      1.8622540   0.1174825823
     1     D         6
    1    140.7641994   0.0066334344
    2     40.5329227   0.0595817796
    3     15.9426133   0.2401949582
    4      7.2863161   0.4648114679
    5      3.6261519   0.3434092326
    6      1.8622540   0.0538905698
     1         S     6
    1     12.4525017   0.0037750560
    2      4.0067860  -0.0558596500
    3      1.7119620  -0.3192946000
    4      0.8536941  -0.0276478000
    5      0.4607866   0.9049199000
    6      0.2562243   0.3406258000
     1         P     6
    1     12.4525017  -0.0070520750
    2      4.0067860  -0.0525950500
    3      1.7119620  -0.0377345000
    4      0.8536941   0.3874773000
    5      0.4607866   0.5791672000
    6      0.2562243   0.1221817000
     1         S     6
    1      2.7802127   0.0126744715
    2      0.9950131   0.0032667348
    3      0.4699669  -0.4307553999
    4      0.2510193  -0.3231998963
    5      0.1444919   1.1043228790
    6      0.0847768   0.4368498703
     1         P     6
    1      2.7802127  -0.0011056733
    2      0.9950131  -0.0624313245
    3      0.4699669  -0.1628476766
    4      0.2510193   0.3210328714
    5      0.1444919   0.6964579592
    6      0.0847768   0.1493146125
****
-Sr  0
     1     S         6
    1  32160.2538500   0.0091635963
    2   5896.5473400   0.0493614929
    3   1649.6414550   0.1685383049
    4    566.6963626   0.3705627997
    5    220.0647808   0.4164915298
    6     90.6348295   0.1303340841
     1         S     6
    1   2732.1996900  -0.0132527881
    2    540.7736223  -0.0469917101
    3    168.0720388  -0.0337853715
    4     64.6633714   0.2502417861
    5     28.0833463   0.5951172526
    6     12.8726523   0.2407061763
     1         P     6
    1   2732.1996900   0.0037596966
    2    540.7736223   0.0376793698
    3    168.0720388   0.1738967435
    4     64.6633714   0.4180364347
    5     28.0833463   0.4258595477
    6     12.8726523   0.1017082955
     1         S     6
    1    153.1817270  -0.0097373955
    2     44.1085385  -0.0726587678
    3     17.3489925  -0.1716155198
    4      7.9290792   0.1289776243
    5      3.9460332   0.7288614510
    6      2.0265329   0.3013317422
     1         P     6
    1    153.1817270  -0.0081049434
    2     44.1085385  -0.0171547891
    3     17.3489925   0.0736978576
    4      7.9290792   0.3965149986
    5      3.9460332   0.4978084880
    6      2.0265329   0.1174825823
     1     D         6
    1    153.1817270   0.0066334344
    2     44.1085385   0.0595817796
    3     17.3489925   0.2401949582
    4      7.9290792   0.4648114679
    5      3.9460332   0.3434092326
    6      2.0265329   0.0538905698
     1         S     6
    1     13.6337990   0.0037750560
    2      4.3868868  -0.0558596500
    3      1.8743660  -0.3192946000
    4      0.9346791  -0.0276478000
    5      0.5044988   0.9049199000
    6      0.2805309   0.3406258000
     1         P     6
    1     13.6337990  -0.0070520750
    2      4.3868868  -0.0525950500
    3      1.8743660  -0.0377345000
    4      0.9346791   0.3874773000
    5      0.5044988   0.5791672000
    6      0.2805309   0.1221817000
     1         S     6
    1      2.4952602   0.0126744715
    2      0.8930311   0.0032667348
    3      0.4217986  -0.4307553999
    4      0.2252915  -0.3231998963
    5      0.1296825   1.1043228790
    6      0.0760878   0.4368498703
     1         P     6
    1      2.4952602  -0.0011056733
    2      0.8930311  -0.0624313245
    3      0.4217986  -0.1628476766
    4      0.2252915   0.3210328714
    5      0.1296825   0.6964579592
    6      0.0760878   0.1493146125
****
-Y   0
     1     S         6
    1  33871.9112500   0.0091635963
    2   6210.3778500   0.0493614929
    3   1737.4399220   0.1685383049
    4    596.8575057   0.3705627997
    5    231.7772353   0.4164915298
    6     95.4586651   0.1303340841
     1         S     6
    1   2881.8819220  -0.0132527881
    2    570.3996426  -0.0469917101
    3    177.2797838  -0.0337853715
    4     68.2059228   0.2502417861
    5     29.6218787   0.5951172526
    6     13.5778743   0.2407061763
     1         P     6
    1   2881.8819220   0.0037596966
    2    570.3996426   0.0376793698
    3    177.2797838   0.1738967435
    4     68.2059228   0.4180364347
    5     29.6218787   0.4258595477
    6     13.5778743   0.1017082955
     1         S     6
    1    173.4442748  -0.0097373955
    2     49.9431206  -0.0726587678
    3     19.6438798  -0.1716155198
    4      8.9779207   0.1289776243
    5      4.4680060   0.7288614510
    6      2.2945983   0.3013317422
     1         P     6
    1    173.4442748  -0.0081049434
    2     49.9431206  -0.0171547891
    3     19.6438798   0.0736978576
    4      8.9779207   0.3965149986
    5      4.4680060   0.4978084880
    6      2.2945983   0.1174825823
     1     D         6
    1    173.4442748   0.0066334344
    2     49.9431206   0.0595817796
    3     19.6438798   0.2401949582
    4      8.9779207   0.4648114679
    5      4.4680060   0.3434092326
    6      2.2945983   0.0538905698
     1         S     6
    1     14.8759934   0.0037137702
    2      4.8331334  -0.0521219657
    3      2.0831055  -0.3077625125
    4      1.0372538  -0.0645124429
    5      0.5592186   0.8980784431
    6      0.3094550   0.3690956849
     1         P     6
    1     14.8759934  -0.0068773106
    2      4.8331334  -0.0508510648
    3      2.0831055  -0.0420644816
    4      1.0372538   0.3652395431
    5      0.5592186   0.5915908715
    6      0.3094550   0.1344127135
     1     D         6
    1      2.6937064  -0.0043463776
    2      0.8751713   0.0048912255
    3      0.3772033   0.1634802602
    4      0.1878232   0.4807480840
    5      0.1012619   0.3906920727
    6      0.0560353   0.0578662734
     1         S     6
    1      2.4952602   0.0126744715
    2      0.8930311   0.0032667348
    3      0.4217986  -0.4307553999
    4      0.2252915  -0.3231998963
    5      0.1296825   1.1043228790
    6      0.0760878   0.4368498703
     1         P     6
    1      2.4952602  -0.0011056733
    2      0.8930311  -0.0624313245
    3      0.4217986  -0.1628476766
    4      0.2252915   0.3210328714
    5      0.1296825   0.6964579592
    6      0.0760878   0.1493146125
****
-Zr  0
     1     S         6
    1  35627.9449500   0.0091635963
    2   6532.3447070   0.0493614929
    3   1827.5146460   0.1685383049
    4    627.8006045   0.3705627997
    5    243.7933460   0.4164915298
    6    100.4075630   0.1303340841
     1         S     6
    1   3046.1787900  -0.0132527881
    2    602.9182805  -0.0469917101
    3    187.3865522  -0.0337853715
    4     72.0943609   0.2502417861
    5     31.3106301   0.5951172526
    6     14.3519526   0.2407061763
     1         P     6
    1   3046.1787900   0.0037596966
    2    602.9182805   0.0376793698
    3    187.3865522   0.1738967435
    4     72.0943609   0.4180364347
    5     31.3106301   0.4258595477
    6     14.3519526   0.1017082955
     1         S     6
    1    184.0473804  -0.0097373955
    2     52.9962752  -0.0726587678
    3     20.8447619  -0.1716155198
    4      9.5267647   0.1289776243
    5      4.7411469   0.7288614510
    6      2.4348732   0.3013317422
     1         P     6
    1    184.0473804  -0.0081049434
    2     52.9962752  -0.0171547891
    3     20.8447619   0.0736978576
    4      9.5267647   0.3965149986
    5      4.7411469   0.4978084880
    6      2.4348732   0.1174825823
     1     D         6
    1    184.0473804   0.0066334344
    2     52.9962752   0.0595817796
    3     20.8447619   0.2401949582
    4      9.5267647   0.4648114679
    5      4.7411469   0.3434092326
    6      2.4348732   0.0538905698
     1         S     6
    1     16.6438070   0.0037137702
    2      5.4074869  -0.0521219657
    3      2.3306548  -0.3077625125
    4      1.1605176  -0.0645124429
    5      0.6256743   0.8980784431
    6      0.3462297   0.3690956849
     1         P     6
    1     16.6438070  -0.0068773106
    2      5.4074869  -0.0508510648
    3      2.3306548  -0.0420644816
    4      1.1605176   0.3652395431
    5      0.6256743   0.5915908715
    6      0.3462297   0.1344127135
     1     D         6
    1      5.2259278  -0.0043463776
    2      1.6978769   0.0048912255
    3      0.7317937   0.1634802602
    4      0.3643867   0.4807480840
    5      0.1964532   0.3906920727
    6      0.1087114   0.0578662734
     1         S     6
    1      2.7802127   0.0126744715
    2      0.9950131   0.0032667348
    3      0.4699669  -0.4307553999
    4      0.2510193  -0.3231998963
    5      0.1444919   1.1043228790
    6      0.0847768   0.4368498703
     1         P     6
    1      2.7802127  -0.0011056733
    2      0.9950131  -0.0624313245
    3      0.4699669  -0.1628476766
    4      0.2510193   0.3210328714
    5      0.1444919   0.6964579592
    6      0.0847768   0.1493146125
****
-Nb  0
     1     S         6
    1  37446.9552000   0.0091635963
    2   6865.8582450   0.0493614929
    3   1920.8197160   0.1685383049
    4    659.8534141   0.3705627997
    5    256.2403900   0.4164915298
    6    105.5339431   0.1303340841
     1         S     6
    1   3215.0300390  -0.0132527881
    2    636.3383492  -0.0469917101
    3    197.7734846  -0.0337853715
    4     76.0905882   0.2502417861
    5     33.0461943   0.5951172526
    6     15.1474887   0.2407061763
     1         P     6
    1   3215.0300390   0.0037596966
    2    636.3383492   0.0376793698
    3    197.7734846   0.1738967435
    4     76.0905882   0.4180364347
    5     33.0461943   0.4258595477
    6     15.1474887   0.1017082955
     1         S     6
    1    197.7436045  -0.0097373955
    2     56.9400904  -0.0726587678
    3     22.3959632  -0.1716155198
    4     10.2357164   0.1289776243
    5      5.0939681   0.7288614510
    6      2.6160688   0.3013317422
     1         P     6
    1    197.7436045  -0.0081049434
    2     56.9400904  -0.0171547891
    3     22.3959632   0.0736978576
    4     10.2357164   0.3965149986
    5      5.0939681   0.4978084880
    6      2.6160688   0.1174825823
     1     D         6
    1    197.7436045   0.0066334344
    2     56.9400904   0.0595817796
    3     22.3959632   0.2401949582
    4     10.2357164   0.4648114679
    5      5.0939681   0.3434092326
    6      2.6160688   0.0538905698
     1         S     6
    1     18.5108478   0.0037137702
    2      6.0140788  -0.0521219657
    3      2.5920991  -0.3077625125
    4      1.2907002  -0.0645124429
    5      0.6958602   0.8980784431
    6      0.3850684   0.3690956849
     1         P     6
    1     18.5108478  -0.0068773106
    2      6.0140788  -0.0508510648
    3      2.5920991  -0.0420644816
    4      1.2907002   0.3652395431
    5      0.6958602   0.5915908715
    6      0.3850684   0.1344127135
     1     D         6
    1      7.9161983  -0.0043463776
    2      2.5719319   0.0048912255
    3      1.1085160   0.1634802602
    4      0.5519703   0.4807480840
    5      0.2975859   0.3906920727
    6      0.1646752   0.0578662734
     1         S     6
    1      2.7802127   0.0126744715
    2      0.9950131   0.0032667348
    3      0.4699669  -0.4307553999
    4      0.2510193  -0.3231998963
    5      0.1444919   1.1043228790
    6      0.0847768   0.4368498703
     1         P     6
    1      2.7802127  -0.0011056733
    2      0.9950131  -0.0624313245
    3      0.4699669  -0.1628476766
    4      0.2510193   0.3210328714
    5      0.1444919   0.6964579592
    6      0.0847768   0.1493146125
****
-Mo  0
     1     S         6
    1  39292.1943300   0.0091635963
    2   7204.1808190   0.0493614929
    3   2015.4701800   0.1685383049
    4    692.3684031   0.3705627997
    5    268.8669117   0.4164915298
    6    110.7342420   0.1303340841
     1         S     6
    1   3384.6987670  -0.0132527881
    2    669.9202185  -0.0469917101
    3    208.2107046  -0.0337853715
    4     80.1061629   0.2502417861
    5     34.7901611   0.5951172526
    6     15.9468763   0.2407061763
     1         P     6
    1   3384.6987670   0.0037596966
    2    669.9202185   0.0376793698
    3    208.2107046   0.1738967435
    4     80.1061629   0.4180364347
    5     34.7901611   0.4258595477
    6     15.9468763   0.1017082955
     1         S     6
    1    212.4127083  -0.0097373955
    2     61.1640455  -0.0726587678
    3     24.0573505  -0.1716155198
    4     10.9950268   0.1289776243
    5      5.4718511   0.7288614510
    6      2.8101351   0.3013317422
     1         P     6
    1    212.4127083  -0.0081049434
    2     61.1640455  -0.0171547891
    3     24.0573505   0.0736978576
    4     10.9950268   0.3965149986
    5      5.4718511   0.4978084880
    6      2.8101351   0.1174825823
     1     D         6
    1    212.4127083   0.0066334344
    2     61.1640455   0.0595817796
    3     24.0573505   0.2401949582
    4     10.9950268   0.4648114679
    5      5.4718511   0.3434092326
    6      2.8101351   0.0538905698
     1         S     6
    1     20.5833525   0.0037137702
    2      6.6874249  -0.0521219657
    3      2.8823147  -0.3077625125
    4      1.4352091  -0.0645124429
    5      0.7737698   0.8980784431
    6      0.4281813   0.3690956849
     1         P     6
    1     20.5833525  -0.0068773106
    2      6.6874249  -0.0508510648
    3      2.8823147  -0.0420644816
    4      1.4352091   0.3652395431
    5      0.7737698   0.5915908715
    6      0.4281813   0.1344127135
     1     D         6
    1     10.0189385  -0.0043463776
    2      3.2551013   0.0048912255
    3      1.4029655   0.1634802602
    4      0.6985875   0.4807480840
    5      0.3766321   0.3906920727
    6      0.2084171   0.0578662734
     1         S     6
    1      2.9284651   0.0126744715
    2      1.0480713   0.0032667348
    3      0.4950275  -0.4307553999
    4      0.2644046  -0.3231998963
    5      0.1521968   1.1043228790
    6      0.0892975   0.4368498703
     1         P     6
    1      2.9284651  -0.0011056733
    2      1.0480713  -0.0624313245
    3      0.4950275  -0.1628476766
    4      0.2644046   0.3210328714
    5      0.1521968   0.6964579592
    6      0.0892975   0.1493146125
****
-Tc  0
     1     S         6
    1  41181.8097600   0.0091635963
    2   7550.6397390   0.0493614929
    3   2112.3969010   0.1685383049
    4    725.6653477   0.3705627997
    5    281.7970896   0.4164915298
    6    116.0596033   0.1303340841
     1         S     6
    1   3562.5618760  -0.0132527881
    2    705.1239695  -0.0469917101
    3    219.1520041  -0.0337853715
    4     84.3156752   0.2502417861
    5     36.6183552   0.5951172526
    6     16.7848714   0.2407061763
     1         P     6
    1   3562.5618760   0.0037596966
    2    705.1239695   0.0376793698
    3    219.1520041   0.1738967435
    4     84.3156752   0.4180364347
    5     36.6183552   0.4258595477
    6     16.7848714   0.1017082955
     1         S     6
    1    228.1054793  -0.0097373955
    2     65.6827646  -0.0726587678
    3     25.8346758  -0.1716155198
    4     11.8073249   0.1289776243
    5      5.8761043   0.7288614510
    6      3.0177442   0.3013317422
     1         P     6
    1    228.1054793  -0.0081049434
    2     65.6827646  -0.0171547891
    3     25.8346758   0.0736978576
    4     11.8073249   0.3965149986
    5      5.8761043   0.4978084880
    6      3.0177442   0.1174825823
     1     D         6
    1    228.1054793   0.0066334344
    2     65.6827646   0.0595817796
    3     25.8346758   0.2401949582
    4     11.8073249   0.4648114679
    5      5.8761043   0.3434092326
    6      3.0177442   0.0538905698
     1         S     6
    1     22.5426116   0.0037137702
    2      7.3239780  -0.0521219657
    3      3.1566724  -0.3077625125
    4      1.5718218  -0.0645124429
    5      0.8474223   0.8980784431
    6      0.4689384   0.3690956849
     1         P     6
    1     22.5426116  -0.0068773106
    2      7.3239780  -0.0508510648
    3      3.1566724  -0.0420644816
    4      1.5718218   0.3652395431
    5      0.8474223   0.5915908715
    6      0.4689384   0.1344127135
     1     D         6
    1     12.3690599  -0.0043463776
    2      4.0186436   0.0048912255
    3      1.7320562   0.1634802602
    4      0.8624536   0.4807480840
    5      0.4649779   0.3906920727
    6      0.2573050   0.0578662734
     1         S     6
    1      2.6358111   0.0126744715
    2      0.9433330   0.0032667348
    3      0.4455573  -0.4307553999
    4      0.2379816  -0.3231998963
    5      0.1369871   1.1043228790
    6      0.0803736   0.4368498703
     1         P     6
    1      2.6358111  -0.0011056733
    2      0.9433330  -0.0624313245
    3      0.4455573  -0.1628476766
    4      0.2379816   0.3210328714
    5      0.1369871   0.6964579592
    6      0.0803736   0.1493146125
****
-Ru  0
     1     S         6
    1  43135.7648200   0.0091635963
    2   7908.8952610   0.0493614929
    3   2212.6238850   0.1685383049
    4    760.0960219   0.3705627997
    5    295.1675280   0.4164915298
    6    121.5662882   0.1303340841
     1         S     6
    1   3741.0507230  -0.0132527881
    2    740.4515703  -0.0469917101
    3    230.1317962  -0.0337853715
    4     88.5399970   0.2502417861
    5     38.4529810   0.5951172526
    6     17.6258146   0.2407061763
     1         P     6
    1   3741.0507230   0.0037596966
    2    740.4515703   0.0376793698
    3    230.1317962   0.1738967435
    4     88.5399970   0.4180364347
    5     38.4529810   0.4258595477
    6     17.6258146   0.1017082955
     1         S     6
    1    243.8411192  -0.0097373955
    2     70.2138277  -0.0726587678
    3     27.6168564  -0.1716155198
    4     12.6218420   0.1289776243
    5      6.2814617   0.7288614510
    6      3.2259204   0.3013317422
     1         P     6
    1    243.8411192  -0.0081049434
    2     70.2138277  -0.0171547891
    3     27.6168564   0.0736978576
    4     12.6218420   0.3965149986
    5      6.2814617   0.4978084880
    6      3.2259204   0.1174825823
     1     D         6
    1    243.8411192   0.0066334344
    2     70.2138277   0.0595817796
    3     27.6168564   0.2401949582
    4     12.6218420   0.4648114679
    5      6.2814617   0.3434092326
    6      3.2259204   0.0538905698
     1         S     6
    1     24.7073345   0.0037137702
    2      8.0272853  -0.0521219657
    3      3.4598015  -0.3077625125
    4      1.7227607  -0.0645124429
    5      0.9287986   0.8980784431
    6      0.5139697   0.3690956849
     1         P     6
    1     24.7073345  -0.0068773106
    2      8.0272853  -0.0508510648
    3      3.4598015  -0.0420644816
    4      1.7227607   0.3652395431
    5      0.9287986   0.5915908715
    6      0.5139697   0.1344127135
     1     D         6
    1     14.0732415  -0.0043463776
    2      4.5723234   0.0048912255
    3      1.9706950   0.1634802602
    4      0.9812806   0.4807480840
    5      0.5290416   0.3906920727
    6      0.2927559   0.0578662734
     1         S     6
    1      2.3585600   0.0126744715
    2      0.8441074   0.0032667348
    3      0.3986908  -0.4307553999
    4      0.2129492  -0.3231998963
    5      0.1225780   1.1043228790
    6      0.0719194   0.4368498703
     1         P     6
    1      2.3585600  -0.0011056733
    2      0.8441074  -0.0624313245
    3      0.3986908  -0.1628476766
    4      0.2129492   0.3210328714
    5      0.1225780   0.6964579592
    6      0.0719194   0.1493146125
****
-Rh  0
     1     S         6
    1  45114.5856700   0.0091635963
    2   8271.7098980   0.0493614929
    3   2314.1263460   0.1685383049
    4    794.9648568   0.3705627997
    5    308.7081169   0.4164915298
    6    127.1430505   0.1303340841
     1         S     6
    1   3923.9022080  -0.0132527881
    2    776.6426513  -0.0469917101
    3    241.3799572  -0.0337853715
    4     92.8675699   0.2502417861
    5     40.3324489   0.5951172526
    6     18.4873123   0.2407061763
     1         P     6
    1   3923.9022080   0.0037596966
    2    776.6426513   0.0376793698
    3    241.3799572   0.1738967435
    4     92.8675699   0.4180364347
    5     40.3324489   0.4258595477
    6     18.4873123   0.1017082955
     1         S     6
    1    260.6348307  -0.0097373955
    2     75.0495616  -0.0726587678
    3     29.5188716  -0.1716155198
    4     13.4911276   0.1289776243
    5      6.7140756   0.7288614510
    6      3.4480945   0.3013317422
     1         P     6
    1    260.6348307  -0.0081049434
    2     75.0495616  -0.0171547891
    3     29.5188716   0.0736978576
    4     13.4911276   0.3965149986
    5      6.7140756   0.4978084880
    6      3.4480945   0.1174825823
     1     D         6
    1    260.6348307   0.0066334344
    2     75.0495616   0.0595817796
    3     29.5188716   0.2401949582
    4     13.4911276   0.4648114679
    5      6.7140756   0.3434092326
    6      3.4480945   0.0538905698
     1         S     6
    1     26.7283015   0.0037137702
    2      8.6838870  -0.0521219657
    3      3.7428002  -0.3077625125
    4      1.8636761  -0.0645124429
    5      1.0047708   0.8980784431
    6      0.5560104   0.3690956849
     1         P     6
    1     26.7283015  -0.0068773106
    2      8.6838870  -0.0508510648
    3      3.7428002  -0.0420644816
    4      1.8636761   0.3652395431
    5      1.0047708   0.5915908715
    6      0.5560104   0.1344127135
     1     D         6
    1     16.3580817  -0.0043463776
    2      5.3146562   0.0048912255
    3      2.2906443   0.1634802602
    4      1.1405949   0.4807480840
    5      0.6149333   0.3906920727
    6      0.3402859   0.0578662734
     1         S     6
    1      2.3585600   0.0126744715
    2      0.8441074   0.0032667348
    3      0.3986908  -0.4307553999
    4      0.2129492  -0.3231998963
    5      0.1225780   1.1043228790
    6      0.0719194   0.4368498703
     1         P     6
    1      2.3585600  -0.0011056733
    2      0.8441074  -0.0624313245
    3      0.3986908  -0.1628476766
    4      0.2129492   0.3210328714
    5      0.1225780   0.6964579592
    6      0.0719194   0.1493146125
****
-Pd  0
     1     S         6
    1  47137.7828300   0.0091635963
    2   8642.6608820   0.0493614929
    3   2417.9050640   0.1685383049
    4    830.6156472   0.3705627997
    5    322.5523621   0.4164915298
    6    132.8448752   0.1303340841
     1         S     6
    1   4111.1163330  -0.0132527881
    2    813.6972125  -0.0469917101
    3    252.8964871  -0.0337853715
    4     97.2983941   0.2502417861
    5     42.2567589   0.5951172526
    6     19.3693643   0.2407061763
     1         P     6
    1   4111.1163330   0.0037596966
    2    813.6972125   0.0376793698
    3    252.8964871   0.1738967435
    4     97.2983941   0.4180364347
    5     42.2567589   0.4258595477
    6     19.3693643   0.1017082955
     1         S     6
    1    277.9877501  -0.0097373955
    2     80.0463189  -0.0726587678
    3     31.4842213  -0.1716155198
    4     14.3893592   0.1289776243
    5      7.1610950   0.7288614510
    6      3.6776667   0.3013317422
     1         P     6
    1    277.9877501  -0.0081049434
    2     80.0463189  -0.0171547891
    3     31.4842213   0.0736978576
    4     14.3893592   0.3965149986
    5      7.1610950   0.4978084880
    6      3.6776667   0.1174825823
     1     D         6
    1    277.9877501   0.0066334344
    2     80.0463189   0.0595817796
    3     31.4842213   0.2401949582
    4     14.3893592   0.4648114679
    5      7.1610950   0.3434092326
    6      3.6776667   0.0538905698
     1         S     6
    1     28.9547323   0.0037137702
    2      9.4072429  -0.0521219657
    3      4.0545703  -0.3077625125
    4      2.0189177  -0.0645124429
    5      1.0884669   0.8980784431
    6      0.6023254   0.3690956849
     1         P     6
    1     28.9547323  -0.0068773106
    2      9.4072429  -0.0508510648
    3      4.0545703  -0.0420644816
    4      2.0189177   0.3652395431
    5      1.0884669   0.5915908715
    6      0.6023254   0.1344127135
     1     D         6
    1     17.8114462  -0.0043463776
    2      5.7868468   0.0048912255
    3      2.4941609   0.1634802602
    4      1.2419332   0.4807480840
    5      0.6695682   0.3906920727
    6      0.3705192   0.0578662734
     1         S     6
    1      2.4952602   0.0126744715
    2      0.8930311   0.0032667348
    3      0.4217986  -0.4307553999
    4      0.2252915  -0.3231998963
    5      0.1296825   1.1043228790
    6      0.0760878   0.4368498703
     1         P     6
    1      2.4952602  -0.0011056733
    2      0.8930311  -0.0624313245
    3      0.4217986  -0.1628476766
    4      0.2252915   0.3210328714
    5      0.1296825   0.6964579592
    6      0.0760878   0.1493146125
****
-Ag  0
     1     S         6
    1  49205.3562900   0.0091635963
    2   9021.7482120   0.0493614929
    3   2523.9600380   0.1685383049
    4    867.0483931   0.3705627997
    5    336.7002635   0.4164915298
    6    138.6717623   0.1303340841
     1         S     6
    1   4302.6930970  -0.0132527881
    2    851.6152538  -0.0469917101
    3    264.6813861  -0.0337853715
    4    101.8324696   0.2502417861
    5     44.2259109   0.5951172526
    6     20.2719708   0.2407061763
     1         P     6
    1   4302.6930970   0.0037596966
    2    851.6152538   0.0376793698
    3    264.6813861   0.1738967435
    4    101.8324696   0.4180364347
    5     44.2259109   0.4258595477
    6     20.2719708   0.1017082955
     1         S     6
    1    295.8998773  -0.0097373955
    2     85.2040996  -0.0726587678
    3     33.5129056  -0.1716155198
    4     15.3165369   0.1289776243
    5      7.6225198   0.7288614510
    6      3.9146370   0.3013317422
     1         P     6
    1    295.8998773  -0.0081049434
    2     85.2040996  -0.0171547891
    3     33.5129056   0.0736978576
    4     15.3165369   0.3965149986
    5      7.6225198   0.4978084880
    6      3.9146370   0.1174825823
     1     D         6
    1    295.8998773   0.0066334344
    2     85.2040996   0.0595817796
    3     33.5129056   0.2401949582
    4     15.3165369   0.4648114679
    5      7.6225198   0.3434092326
    6      3.9146370   0.0538905698
     1         S     6
    1     31.1392457   0.0037137702
    2     10.1169800  -0.0521219657
    3      4.3604707  -0.3077625125
    4      2.1712366  -0.0645124429
    5      1.1705871   0.8980784431
    6      0.6477683   0.3690956849
     1         P     6
    1     31.1392457  -0.0068773106
    2     10.1169800  -0.0508510648
    3      4.3604707  -0.0420644816
    4      2.1712366   0.3652395431
    5      1.1705871   0.5915908715
    6      0.6477683   0.1344127135
     1     D         6
    1     19.3266561  -0.0043463776
    2      6.2791307   0.0048912255
    3      2.7063378   0.1634802602
    4      1.3475838   0.4807480840
    5      0.7265280   0.3906920727
    6      0.4020391   0.0578662734
     1         S     6
    1      2.4952602   0.0126744715
    2      0.8930311   0.0032667348
    3      0.4217986  -0.4307553999
    4      0.2252915  -0.3231998963
    5      0.1296825   1.1043228790
    6      0.0760878   0.4368498703
     1         P     6
    1      2.4952602  -0.0011056733
    2      0.8930311  -0.0624313245
    3      0.4217986  -0.1628476766
    4      0.2252915   0.3210328714
    5      0.1296825   0.6964579592
    6      0.0760878   0.1493146125
****
-Cd  0
     1     S         6
    1  51339.0852800   0.0091635963
    2   9412.9650870   0.0493614929
    3   2633.4084210   0.1685383049
    4    904.6468668   0.3705627997
    5    351.3008510   0.4164915298
    6    144.6850905   0.1303340841
     1         S     6
    1   4494.3265590  -0.0132527881
    2    889.5445171  -0.0469917101
    3    276.4697729  -0.0337853715
    4    106.3678868   0.2502417861
    5     46.1956457   0.5951172526
    6     21.1748444   0.2407061763
     1         P     6
    1   4494.3265590   0.0037596966
    2    889.5445171   0.0376793698
    3    276.4697729   0.1738967435
    4    106.3678868   0.4180364347
    5     46.1956457   0.4258595477
    6     21.1748444   0.1017082955
     1         S     6
    1    314.9574523  -0.0097373955
    2     90.6917110  -0.0726587678
    3     35.6713205  -0.1716155198
    4     16.3030059   0.1289776243
    5      8.1134519   0.7288614510
    6      4.1667611   0.3013317422
     1         P     6
    1    314.9574523  -0.0081049434
    2     90.6917110  -0.0171547891
    3     35.6713205   0.0736978576
    4     16.3030059   0.3965149986
    5      8.1134519   0.4978084880
    6      4.1667611   0.1174825823
     1     D         6
    1    314.9574523   0.0066334344
    2     90.6917110   0.0595817796
    3     35.6713205   0.2401949582
    4     16.3030059   0.4648114679
    5      8.1134519   0.3434092326
    6      4.1667611   0.0538905698
     1         S     6
    1     33.4031959   0.0037137702
    2     10.8525257  -0.0521219657
    3      4.6774947  -0.3077625125
    4      2.3290944  -0.0645124429
    5      1.2556936   0.8980784431
    6      0.6948637   0.3690956849
     1         P     6
    1     33.4031959  -0.0068773106
    2     10.8525257  -0.0508510648
    3      4.6774947  -0.0420644816
    4      2.3290944   0.3652395431
    5      1.2556936   0.5915908715
    6      0.6948637   0.1344127135
     1     D         6
    1     21.4431396  -0.0043463776
    2      6.9667652   0.0048912255
    3      3.0027118   0.1634802602
    4      1.4951592   0.4807480840
    5      0.8060909   0.3906920727
    6      0.4460669   0.0578662734
     1         S     6
    1      3.3963263   0.0126744715
    2      1.2155146   0.0032667348
    3      0.5741147  -0.4307553999
    4      0.3066468  -0.3231998963
    5      0.1765123   1.1043228790
    6      0.1035639   0.4368498703
     1         P     6
    1      3.3963263  -0.0011056733
    2      1.2155146  -0.0624313245
    3      0.5741147  -0.1628476766
    4      0.3066468   0.3210328714
    5      0.1765123   0.6964579592
    6      0.1035639   0.1493146125
****
-In  0
     1     S         6
    1  53495.8641600   0.0091635963
    2   9808.4081340   0.0493614929
    3   2744.0391360   0.1685383049
    4    942.6515030   0.3705627997
    5    366.0591634   0.4164915298
    6    150.7633786   0.1303340841
     1         S     6
    1   4690.1350420  -0.0132527881
    2    928.3001260  -0.0469917101
    3    288.5149872  -0.0337853715
    4    111.0021150   0.2502417861
    5     48.2082942   0.5951172526
    6     22.0973884   0.2407061763
     1         P     6
    1   4690.1350420   0.0037596966
    2    928.3001260   0.0376793698
    3    288.5149872   0.1738967435
    4    111.0021150   0.4180364347
    5     48.2082942   0.4258595477
    6     22.0973884   0.1017082955
     1         S     6
    1    335.2145391  -0.0097373955
    2     96.5247206  -0.0726587678
    3     37.9655893  -0.1716155198
    4     17.3515647   0.1289776243
    5      8.6352839   0.7288614510
    6      4.4347542   0.3013317422
     1         P     6
    1    335.2145391  -0.0081049434
    2     96.5247206  -0.0171547891
    3     37.9655893   0.0736978576
    4     17.3515647   0.3965149986
    5      8.6352839   0.4978084880
    6      4.4347542   0.1174825823
     1     D         6
    1    335.2145391   0.0066334344
    2     96.5247206   0.0595817796
    3     37.9655893   0.2401949582
    4     17.3515647   0.4648114679
    5      8.6352839   0.3434092326
    6      4.4347542   0.0538905698
     1         S     6
    1     29.7166664   0.0037137702
    2      9.6547913  -0.0521219657
    3      4.1612650  -0.3077625125
    4      2.0720449  -0.0645124429
    5      1.1171095   0.8980784431
    6      0.6181753   0.3690956849
     1         P     6
    1     29.7166664  -0.0068773106
    2      9.6547913  -0.0508510648
    3      4.1612650  -0.0420644816
    4      2.0720449   0.3652395431
    5      1.1171095   0.5915908715
    6      0.6181753   0.1344127135
     1     D         6
    1     29.7166664  -0.0043463776
    2      9.6547913   0.0048912255
    3      4.1612650   0.1634802602
    4      2.0720449   0.4807480840
    5      1.1171095   0.3906920727
    6      0.6181753   0.0578662734
     1         S     6
    1      3.2365219   0.0126744715
    2      1.1583220   0.0032667348
    3      0.5471014  -0.4307553999
    4      0.2922184  -0.3231998963
    5      0.1682070   1.1043228790
    6      0.0986910   0.4368498703
     1         P     6
    1      3.2365219  -0.0011056733
    2      1.1583220  -0.0624313245
    3      0.5471014  -0.1628476766
    4      0.2922184   0.3210328714
    5      0.1682070   0.6964579592
    6      0.0986910   0.1493146125
****
-Sn  0
     1     S         6
    1  55697.0193500   0.0091635963
    2  10211.9875300   0.0493614929
    3   2856.9461070   0.1685383049
    4    981.4380948   0.3705627997
    5    381.1211320   0.4164915298
    6    156.9667290   0.1303340841
     1         S     6
    1   4894.6100440  -0.0132527881
    2    968.7710651  -0.0469917101
    3    301.0933249  -0.0337853715
    4    115.8414549   0.2502417861
    5     50.3100228   0.5951172526
    6     23.0607644   0.2407061763
     1         P     6
    1   4894.6100440   0.0037596966
    2    968.7710651   0.0376793698
    3    301.0933249   0.1738967435
    4    115.8414549   0.4180364347
    5     50.3100228   0.4258595477
    6     23.0607644   0.1017082955
     1         S     6
    1    354.2344331  -0.0097373955
    2    102.0014817  -0.0726587678
    3     40.1197366  -0.1716155198
    4     18.3360832   0.1289776243
    5      9.1252453   0.7288614510
    6      4.6863798   0.3013317422
     1         P     6
    1    354.2344331  -0.0081049434
    2    102.0014817  -0.0171547891
    3     40.1197366   0.0736978576
    4     18.3360832   0.3965149986
    5      9.1252453   0.4978084880
    6      4.6863798   0.1174825823
     1     D         6
    1    354.2344331   0.0066334344
    2    102.0014817   0.0595817796
    3     40.1197366   0.2401949582
    4     18.3360832   0.4648114679
    5      9.1252453   0.3434092326
    6      4.6863798   0.0538905698
     1         S     6
    1     32.8633552   0.0037137702
    2     10.6771343  -0.0521219657
    3      4.6019001  -0.3077625125
    4      2.2914531  -0.0645124429
    5      1.2353999   0.8980784431
    6      0.6836337   0.3690956849
     1         P     6
    1     32.8633552  -0.0068773106
    2     10.6771343  -0.0508510648
    3      4.6019001  -0.0420644816
    4      2.2914531   0.3652395431
    5      1.2353999   0.5915908715
    6      0.6836337   0.1344127135
     1     D         6
    1     32.8633552  -0.0043463776
    2     10.6771343   0.0048912255
    3      4.6019001   0.1634802602
    4      2.2914531   0.4807480840
    5      1.2353999   0.3906920727
    6      0.6836337   0.0578662734
     1         S     6
    1      3.5599815   0.0126744715
    2      1.2740853   0.0032667348
    3      0.6017790  -0.4307553999
    4      0.3214229  -0.3231998963
    5      0.1850177   1.1043228790
    6      0.1085542   0.4368498703
     1         P     6
    1      3.5599815  -0.0011056733
    2      1.2740853  -0.0624313245
    3      0.6017790  -0.1628476766
    4      0.3214229   0.3210328714
    5      0.1850177   0.6964579592
    6      0.1085542   0.1493146125
****
-Sb  0
     1     S         6
    1  57942.5508400   0.0091635963
    2  10623.7032700   0.0493614929
    3   2972.1293340   0.1685383049
    4   1021.0066420   0.3705627997
    5    396.4867568   0.4164915298
    6    163.2951419   0.1303340841
     1         S     6
    1   5103.4476850  -0.0132527881
    2   1010.1054840  -0.0469917101
    3    313.9400317  -0.0337853715
    4    120.7840460   0.2502417861
    5     52.4565935   0.5951172526
    6     24.0446948   0.2407061763
     1         P     6
    1   5103.4476850   0.0037596966
    2   1010.1054840   0.0376793698
    3    313.9400317   0.1738967435
    4    120.7840460   0.4180364347
    5     52.4565935   0.4258595477
    6     24.0446948   0.1017082955
     1         S     6
    1    374.4183423  -0.0097373955
    2    107.8134200  -0.0726587678
    3     42.4057174  -0.1716155198
    4     19.3808541   0.1289776243
    5      9.6451923   0.7288614510
    6      4.9534048   0.3013317422
     1         P     6
    1    374.4183423  -0.0081049434
    2    107.8134200  -0.0171547891
    3     42.4057174   0.0736978576
    4     19.3808541   0.3965149986
    5      9.6451923   0.4978084880
    6      4.9534048   0.1174825823
     1     D         6
    1    374.4183423   0.0066334344
    2    107.8134200   0.0595817796
    3     42.4057174   0.2401949582
    4     19.3808541   0.4648114679
    5      9.6451923   0.3434092326
    6      4.9534048   0.0538905698
     1         S     6
    1     36.0274981   0.0037137702
    2     11.7051480  -0.0521219657
    3      5.0449793  -0.3077625125
    4      2.5120783  -0.0645124429
    5      1.3543464   0.8980784431
    6      0.7494552   0.3690956849
     1         P     6
    1     36.0274981  -0.0068773106
    2     11.7051480  -0.0508510648
    3      5.0449793  -0.0420644816
    4      2.5120783   0.3652395431
    5      1.3543464   0.5915908715
    6      0.7494552   0.1344127135
     1     D         6
    1     36.0274981  -0.0043463776
    2     11.7051480   0.0048912255
    3      5.0449793   0.1634802602
    4      2.5120783   0.4807480840
    5      1.3543464   0.3906920727
    6      0.7494552   0.0578662734
     1         S     6
    1      3.7274874   0.0126744715
    2      1.3340342   0.0032667348
    3      0.6300942  -0.4307553999
    4      0.3365466  -0.3231998963
    5      0.1937232   1.1043228790
    6      0.1136620   0.4368498703
     1         P     6
    1      3.7274874  -0.0011056733
    2      1.3340342  -0.0624313245
    3      0.6300942  -0.1628476766
    4      0.3365466   0.3210328714
    5      0.1937232   0.6964579592
    6      0.1136620   0.1493146125
****
-Te  0
     1     S         6
    1  60256.0537600   0.0091635963
    2  11047.8815000   0.0493614929
    3   3090.7991160   0.1685383049
    4   1061.7729150   0.3705627997
    5    412.3174936   0.4164915298
    6    169.8151135   0.1303340841
     1         S     6
    1   5316.6479650  -0.0132527881
    2   1052.3033840  -0.0469917101
    3    327.0551073  -0.0337853715
    4    125.8298883   0.2502417861
    5     54.6480063   0.5951172526
    6     25.0491796   0.2407061763
     1         P     6
    1   5316.6479650   0.0037596966
    2   1052.3033840   0.0376793698
    3    327.0551073   0.1738967435
    4    125.8298883   0.4180364347
    5     54.6480063   0.4258595477
    6     25.0491796   0.1017082955
     1         S     6
    1    395.1614594  -0.0097373955
    2    113.7863816  -0.0726587678
    3     44.7550327  -0.1716155198
    4     20.4545711   0.1289776243
    5     10.1795448   0.7288614510
    6      5.2278280   0.3013317422
     1         P     6
    1    395.1614594  -0.0081049434
    2    113.7863816  -0.0171547891
    3     44.7550327   0.0736978576
    4     20.4545711   0.3965149986
    5     10.1795448   0.4978084880
    6      5.2278280   0.1174825823
     1     D         6
    1    395.1614594   0.0066334344
    2    113.7863816   0.0595817796
    3     44.7550327   0.2401949582
    4     20.4545711   0.4648114679
    5     10.1795448   0.3434092326
    6      5.2278280   0.0538905698
     1         S     6
    1     39.4842381   0.0037137702
    2     12.8282249  -0.0521219657
    3      5.5290313  -0.3077625125
    4      2.7531054  -0.0645124429
    5      1.4842923   0.8980784431
    6      0.8213634   0.3690956849
     1         P     6
    1     39.4842381  -0.0068773106
    2     12.8282249  -0.0508510648
    3      5.5290313  -0.0420644816
    4      2.7531054   0.3652395431
    5      1.4842923   0.5915908715
    6      0.8213634   0.1344127135
     1     D         6
    1     39.4842381  -0.0043463776
    2     12.8282249   0.0048912255
    3      5.5290313   0.1634802602
    4      2.7531054   0.4807480840
    5      1.4842923   0.3906920727
    6      0.8213634   0.0578662734
     1         S     6
    1      4.0035063   0.0126744715
    2      1.4328188   0.0032667348
    3      0.6767524  -0.4307553999
    4      0.3614677  -0.3231998963
    5      0.2080683   1.1043228790
    6      0.1220786   0.4368498703
     1         P     6
    1      4.0035063  -0.0011056733
    2      1.4328188  -0.0624313245
    3      0.6767524  -0.1628476766
    4      0.3614677   0.3210328714
    5      0.2080683   0.6964579592
    6      0.1220786   0.1493146125
****
-I   0
     1     S         6
    1  62590.7906700   0.0091635963
    2  11475.9529500   0.0493614929
    3   3210.5580840   0.1685383049
    4   1102.9133530   0.3705627997
    5    428.2935294   0.4164915298
    6    176.3949273   0.1303340841
     1         S     6
    1   5534.2108840  -0.0132527881
    2   1095.3647630  -0.0469917101
    3    340.4385520  -0.0337853715
    4    130.9789819   0.2502417861
    5     56.8842611   0.5951172526
    6     26.0742188   0.2407061763
     1         P     6
    1   5534.2108840   0.0037596966
    2   1095.3647630   0.0376793698
    3    340.4385520   0.1738967435
    4    130.9789819   0.4180364347
    5     56.8842611   0.4258595477
    6     26.0742188   0.1017082955
     1         S     6
    1    416.4637844  -0.0097373955
    2    119.9203666  -0.0726587678
    3     47.1676826  -0.1716155198
    4     21.5572341   0.1289776243
    5     10.7283027   0.7288614510
    6      5.5096492   0.3013317422
     1         P     6
    1    416.4637844  -0.0081049434
    2    119.9203666  -0.0171547891
    3     47.1676826   0.0736978576
    4     21.5572341   0.3965149986
    5     10.7283027   0.4978084880
    6      5.5096492   0.1174825823
     1     D         6
    1    416.4637844   0.0066334344
    2    119.9203666   0.0595817796
    3     47.1676826   0.2401949582
    4     21.5572341   0.4648114679
    5     10.7283027   0.3434092326
    6      5.5096492   0.0538905698
     1         S     6
    1     42.9455133   0.0037137702
    2     13.9527753  -0.0521219657
    3      6.0137183  -0.3077625125
    4      2.9944486  -0.0645124429
    5      1.6144086   0.8980784431
    6      0.8933659   0.3690956849
     1         P     6
    1     42.9455133  -0.0068773106
    2     13.9527753  -0.0508510648
    3      6.0137183  -0.0420644816
    4      2.9944486   0.3652395431
    5      1.6144086   0.5915908715
    6      0.8933659   0.1344127135
     1     D         6
    1     42.9455133  -0.0043463776
    2     13.9527753   0.0048912255
    3      6.0137183   0.1634802602
    4      2.9944486   0.4807480840
    5      1.6144086   0.3906920727
    6      0.8933659   0.0578662734
     1         S     6
    1      4.5102598   0.0126744715
    2      1.6141813   0.0032667348
    3      0.7624140  -0.4307553999
    4      0.4072214  -0.3231998963
    5      0.2344051   1.1043228790
    6      0.1375310   0.4368498703
     1         P     6
    1      4.5102598  -0.0011056733
    2      1.6141813  -0.0624313245
    3      0.7624140  -0.1628476766
    4      0.4072214   0.3210328714
    5      0.2344051   0.6964579592
    6      0.1375310   0.1493146125
****
-Xe  0
     1     S         6
    1  64969.9038900   0.0091635963
    2  11912.1607600   0.0493614929
    3   3332.5933080   0.1685383049
    4   1144.8357460   0.3705627997
    5    444.5732215   0.4164915298
    6    183.0998035   0.1303340841
     1         S     6
    1   5756.1364420  -0.0132527881
    2   1139.2896230  -0.0469917101
    3    354.0903657  -0.0337853715
    4    136.2313267   0.2502417861
    5     59.1653580   0.5951172526
    6     27.1198125   0.2407061763
     1         P     6
    1   5756.1364420   0.0037596966
    2   1139.2896230   0.0376793698
    3    354.0903657   0.1738967435
    4    136.2313267   0.4180364347
    5     59.1653580   0.4258595477
    6     27.1198125   0.1017082955
     1         S     6
    1    437.6336798  -0.0097373955
    2    126.0162187  -0.0726587678
    3     49.5653339  -0.1716155198
    4     22.6530422   0.1289776243
    5     11.2736491   0.7288614510
    6      5.7897185   0.3013317422
     1         P     6
    1    437.6336798  -0.0081049434
    2    126.0162187  -0.0171547891
    3     49.5653339   0.0736978576
    4     22.6530422   0.3965149986
    5     11.2736491   0.4978084880
    6      5.7897185   0.1174825823
     1     D         6
    1    437.6336798   0.0066334344
    2    126.0162187   0.0595817796
    3     49.5653339   0.2401949582
    4     22.6530422   0.4648114679
    5     11.2736491   0.3434092326
    6      5.7897185   0.0538905698
     1         S     6
    1     46.5521937   0.0037137702
    2     15.1245672  -0.0521219657
    3      6.5187666  -0.3077625125
    4      3.2459305  -0.0645124429
    5      1.7499910   0.8980784431
    6      0.9683932   0.3690956849
     1         P     6
    1     46.5521937  -0.0068773106
    2     15.1245672  -0.0508510648
    3      6.5187666  -0.0420644816
    4      3.2459305   0.3652395431
    5      1.7499910   0.5915908715
    6      0.9683932   0.1344127135
     1     D         6
    1     46.5521937  -0.0043463776
    2     15.1245672   0.0048912255
    3      6.5187666   0.1634802602
    4      3.2459305   0.4807480840
    5      1.7499910   0.3906920727
    6      0.9683932   0.0578662734
     1         S     6
    1      5.0867111   0.0126744715
    2      1.8204881   0.0032667348
    3      0.8598572  -0.4307553999
    4      0.4592679  -0.3231998963
    5      0.2643641   1.1043228790
    6      0.1551087   0.4368498703
     1         P     6
    1      5.0867111  -0.0011056733
    2      1.8204881  -0.0624313245
    3      0.8598572  -0.1628476766
    4      0.4592679   0.3210328714
    5      0.2643641   0.6964579592
    6      0.1551087   0.1493146125
****
