-H   0
     1     S         3
    1      3.4252509   0.1543289700
    2      0.6239137   0.5353281400
    3      0.1688554   0.4446345400
****
-He  0
     1     S         3
    1      6.3624214   0.1543289673
    2      1.1589230   0.5353281423
    3      0.3136498   0.4446345422
****
-Li  0
     1     S         3
    1     16.1195750   0.1543289700
    2      2.9362007   0.5353281400
    3      0.7946505   0.4446345400
     1         S     3
    1      0.6362897  -0.0999672300
    2      0.1478601   0.3995128300
    3      0.0480887   0.7001154700
     1         P     3
    1      0.6362897   0.1559162700
    2      0.1478601   0.6076837200
    3      0.0480887   0.3919573900
****
-Be  0
     1     S         3
    1     30.1678710   0.1543289700
    2      5.4951153   0.5353281400
    3      1.4871927   0.4446345400
     1         S     3
    1      1.3148331  -0.0999672300
    2      0.3055389   0.3995128300
    3      0.0993707   0.7001154700
     1         P     3
    1      1.3148331   0.1559162700
    2      0.3055389   0.6076837200
    3      0.0993707   0.3919573900
****
-B   0
     1     S         3
    1     48.7911130   0.1543289700
    2      8.8873622   0.5353281400
    3      2.4052670   0.4446345400
     1         S     3
    1      2.2369561  -0.0999672300
    2      0.5198205   0.3995128300
    3      0.1690618   0.7001154700
     1         P     3
    1      2.2369561   0.1559162700
    2      0.5198205   0.6076837200
    3      0.1690618   0.3919573900
****
-C   0
     1     S         3
    1     71.6168370   0.1543289700
    2     13.0450960   0.5353281400
    3      3.5305122   0.4446345400
     1         S     3
    1      2.9412494  -0.0999672300
    2      0.6834831   0.3995128300
    3      0.2222899   0.7001154700
     1         P     3
    1      2.9412494   0.1559162700
    2      0.6834831   0.6076837200
    3      0.2222899   0.3919573900
****
-N   0
     1     S         3
    1     99.1061690   0.1543289700
    2     18.0523120   0.5353281400
    3      4.8856602   0.4446345400
     1         S     3
    1      3.7804559  -0.0999672300
    2      0.8784966   0.3995128300
    3      0.2857144   0.7001154700
     1         P     3
    1      3.7804559   0.1559162700
    2      0.8784966   0.6076837200
    3      0.2857144   0.3919573900
****
-O   0
     1     S         3
    1    130.7093200   0.1543289700
    2     23.8088610   0.5353281400
    3      6.4436083   0.4446345400
     1         S     3
    1      5.0331513  -0.0999672300
    2      1.1695961   0.3995128300
    3      0.3803890   0.7001154700
     1         P     3
    1      5.0331513   0.1559162700
    2      1.1695961   0.6076837200
    3      0.3803890   0.3919573900
****
-F   0
     1     S         3
    1    166.6791300   0.1543289700
    2     30.3608120   0.5353281400
    3      8.2168207   0.4446345400
     1         S     3
    1      6.4648032  -0.0999672300
    2      1.5022812   0.3995128300
    3      0.4885885   0.7001154700
     1         P     3
    1      6.4648032   0.1559162700
    2      1.5022812   0.6076837200
    3      0.4885885   0.3919573900
****
-Ne  0
     1     S         3
    1    207.0156070   0.1543289673
    2     37.7081512   0.5353281423
    3     10.2052973   0.4446345422
     1         S     3
    1      8.2463151  -0.0999672292
    2      1.9162663   0.3995128261
    3      0.6232293   0.7001154689
     1         P     3
    1      8.2463151   0.1559162750
    2      1.9162663   0.6076837186
    3      0.6232293   0.3919573931
****
-Na  0
     1     S         3
    1    250.7724300   0.1543289670
    2     45.6785110   0.5353281420
    3     12.3623880   0.4446345420
     1         S     3
    1     12.0401930  -0.0999672292
    2      2.7978819   0.3995128260
    3      0.9099580   0.7001154690
     1         P     3
    1     12.0401930   0.1559162750
    2      2.7978819   0.6076837190
    3      0.9099580   0.3919573930
     1         S     3
    1      1.4787406  -0.2196203690
    2      0.4125649   0.2255954340
    3      0.1614751   0.9003984260
     1         P     3
    1      1.4787406   0.0105876043
    2      0.4125649   0.5951670050
    3      0.1614751   0.4620010120
****
-Mg  0
     1     S         3
    1    299.2374000   0.1543289670
    2     54.5064700   0.5353281420
    3     14.7515800   0.4446345420
     1         S     3
    1     15.1218200  -0.0999672292
    2      3.5139870   0.3995128260
    3      1.1428570   0.7001154690
     1         P     3
    1     15.1218200   0.1559162750
    2      3.5139870   0.6076837190
    3      1.1428570   0.3919573930
     1         S     3
    1      1.3954480  -0.2196203690
    2      0.3893260   0.2255954340
    3      0.1523800   0.9003984260
     1         P     3
    1      1.3954480   0.0105876043
    2      0.3893260   0.5951670050
    3      0.1523800   0.4620010120
****
-Al  0
     1     S         3
    1    351.4214770   0.1543289670
    2     64.0118607   0.5353281420
    3     17.3241076   0.4446345420
     1         S     3
    1     18.8993962  -0.0999672292
    2      4.3918132   0.3995128260
    3      1.4283540   0.7001154690
     1         P     3
    1     18.8993962   0.1559162750
    2      4.3918132   0.6076837190
    3      1.4283540   0.3919573930
     1         S     3
    1      1.3954483  -0.2196203690
    2      0.3893265   0.2255954340
    3      0.1523798   0.9003984260
     1         P     3
    1      1.3954483   0.0105876043
    2      0.3893265   0.5951670050
    3      0.1523798   0.4620010120
****
-Si  0
     1     S         3
    1    407.7975510   0.1543289670
    2     74.2808330   0.5353281420
    3     20.1032923   0.4446345420
     1         S     3
    1     23.1936561  -0.0999672292
    2      5.3897069   0.3995128260
    3      1.7528999   0.7001154690
     1         P     3
    1     23.1936561   0.1559162750
    2      5.3897069   0.6076837190
    3      1.7528999   0.3919573930
     1         S     3
    1      1.4787406  -0.2196203690
    2      0.4125649   0.2255954340
    3      0.1614751   0.9003984260
     1         P     3
    1      1.4787406   0.0105876043
    2      0.4125649   0.5951670050
    3      0.1614751   0.4620010120
****
-P   0
     1     S         3
    1    468.3656380   0.1543289670
    2     85.3133856   0.5353281420
    3     23.0891316   0.4446345420
     1         S     3
    1     28.0326396  -0.0999672292
    2      6.5141826   0.3995128260
    3      2.1186144   0.7001154690
     1         P     3
    1     28.0326396   0.1559162750
    2      6.5141826   0.6076837190
    3      2.1186144   0.3919573930
     1         S     3
    1      1.7431032  -0.2196203690
    2      0.4863214   0.2255954340
    3      0.1903429   0.9003984260
     1         P     3
    1      1.7431032   0.0105876043
    2      0.4863214   0.5951670050
    3      0.1903429   0.4620010120
****
-S   0
     1     S         3
    1    533.1257360   0.1543289670
    2     97.1095183   0.5353281420
    3     26.2816254   0.4446345420
     1         S     3
    1     33.3297517  -0.0999672292
    2      7.7451175   0.3995128260
    3      2.5189526   0.7001154690
     1         P     3
    1     33.3297517   0.1559162750
    2      7.7451175   0.6076837190
    3      2.5189526   0.3919573930
     1         S     3
    1      2.0291943  -0.2196203690
    2      0.5661401   0.2255954340
    3      0.2215834   0.9003984260
     1         P     3
    1      2.0291943   0.0105876043
    2      0.5661401   0.5951670050
    3      0.2215834   0.4620010120
****
-Cl  0
     1     S         3
    1    601.3456140   0.1543289670
    2    109.5358540   0.5353281420
    3     29.6446769   0.4446345420
     1         S     3
    1     38.9604189  -0.0999672292
    2      9.0535635   0.3995128260
    3      2.9444998   0.7001154690
     1         P     3
    1     38.9604189   0.1559162750
    2      9.0535635   0.6076837190
    3      2.9444998   0.3919573930
     1         S     3
    1      2.1293865  -0.2196203690
    2      0.5940934   0.2255954340
    3      0.2325241   0.9003984260
     1         P     3
    1      2.1293865   0.0105876043
    2      0.5940934   0.5951670050
    3      0.2325241   0.4620010120
****
-Ar  0
     1     S         3
    1    674.4465184   0.1543289673
    2    122.8512753   0.5353281423
    3     33.2483494   0.4446345422
     1         S     3
    1     45.1642439  -0.0999672292
    2     10.4951990   0.3995128261
    3      3.4133644   0.7001154689
     1         P     3
    1     45.1642439   0.1559162750
    2     10.4951990   0.6076837186
    3      3.4133644   0.3919573931
     1         S     3
    1      2.6213665  -0.2196203690
    2      0.7313546   0.2255954336
    3      0.2862472   0.9003984260
     1         P     3
    1      2.6213665   0.0105876043
    2      0.7313546   0.5951670053
    3      0.2862472   0.4620010120
****
-K   0
     1     S         3
    1    771.5103680   0.1543289670
    2    140.5315770   0.5353281420
    3     38.0333290   0.4446345420
     1         S     3
    1     52.4020398  -0.0999672292
    2     12.1771071   0.3995128260
    3      3.9603732   0.7001154690
     1         P     3
    1     52.4020398   0.1559162750
    2     12.1771071   0.6076837190
    3      3.9603732   0.3919573930
     1         S     3
    1      3.6515840  -0.2196203690
    2      1.0187827   0.2255954340
    3      0.3987446   0.9003984260
     1         P     3
    1      3.6515840   0.0105876043
    2      1.0187827   0.5951670050
    3      0.3987446   0.4620010120
     1         S     3
    1      0.5039823  -0.3088441220
    2      0.1860011   0.0196064117
    3      0.0821401   1.1310344400
     1         P     3
    1      0.5039823  -0.1215468600
    2      0.1860011   0.5715227600
    3      0.0821401   0.5498949470
****
-Ca  0
     1     S         3
    1    854.0324950   0.1543289670
    2    155.5630850   0.5353281420
    3     42.1014418   0.4446345420
     1         S     3
    1     59.5602994  -0.0999672292
    2     13.8405327   0.3995128260
    3      4.5013708   0.7001154690
     1         P     3
    1     59.5602994   0.1559162750
    2     13.8405327   0.6076837190
    3      4.5013708   0.3919573930
     1         S     3
    1      4.3747063  -0.2196203690
    2      1.2205319   0.2255954340
    3      0.4777079   0.9003984260
     1         P     3
    1      4.3747063   0.0105876043
    2      1.2205319   0.5951670050
    3      0.4777079   0.4620010120
     1         S     3
    1      0.4558490  -0.3088441220
    2      0.1682369   0.0196064117
    3      0.0742952   1.1310344400
     1         P     3
    1      0.4558490  -0.1215468600
    2      0.1682369   0.5715227600
    3      0.0742952   0.5498949470
****
-Sc  0
     1     S         3
    1    941.6624250   0.1543289673
    2    171.5249862   0.5353281423
    3     46.4213552   0.4446345422
     1         S     3
    1     67.1766877  -0.0999672292
    2     15.6104175   0.3995128261
    3      5.0769923   0.7001154689
     1         P     3
    1     67.1766877   0.1559162750
    2     15.6104175   0.6076837186
    3      5.0769923   0.3919573931
     1         S     3
    1      4.6981592  -0.2277635023
    2      1.4330883   0.2175436044
    3      0.5529300   0.9166769611
     1         P     3
    1      4.6981592   0.0049515112
    2      1.4330883   0.5777664691
    3      0.5529300   0.4846460366
     1     D         3
    1      0.5517001   0.2197679508
    2      0.1682861   0.6555473627
    3      0.0649300   0.2865732590
     1         S     3
    1      0.6309328  -0.3088441215
    2      0.2328539   0.0196064117
    3      0.1028307   1.1310344420
     1         P     3
    1      0.6309328  -0.1215468600
    2      0.2328539   0.5715227604
    3      0.1028307   0.5498949471
****
-Ti  0
     1     S         3
    1   1033.5712450   0.1543289673
    2    188.2662926   0.5353281423
    3     50.9522060   0.4446345422
     1         S     3
    1     75.2512046  -0.0999672292
    2     17.4867616   0.3995128261
    3      5.6872376   0.7001154689
     1         P     3
    1     75.2512046   0.1559162750
    2     17.4867616   0.6076837186
    3      5.6872376   0.3919573931
     1         S     3
    1      5.3955355  -0.2277635023
    2      1.6458103   0.2175436044
    3      0.6350048   0.9166769611
     1         P     3
    1      5.3955355   0.0049515112
    2      1.6458103   0.5777664691
    3      0.6350048   0.4846460366
     1     D         3
    1      1.6459812   0.2197679508
    2      0.5020767   0.6555473627
    3      0.1937168   0.2865732590
     1         S     3
    1      0.7122640  -0.3088441215
    2      0.2628702   0.0196064117
    3      0.1160863   1.1310344420
     1         P     3
    1      0.7122640  -0.1215468600
    2      0.2628702   0.5715227604
    3      0.1160863   0.5498949471
****
-V   0
     1     S         3
    1   1130.7625170   0.1543289673
    2    205.9698041   0.5353281423
    3     55.7434671   0.4446345422
     1         S     3
    1     83.7838501  -0.0999672292
    2     19.4695649   0.3995128261
    3      6.3321068   0.7001154689
     1         P     3
    1     83.7838501   0.1559162750
    2     19.4695649   0.6076837186
    3      6.3321068   0.3919573931
     1         S     3
    1      6.1411513  -0.2277635023
    2      1.8732469   0.2175436044
    3      0.7227569   0.9166769611
     1         P     3
    1      6.1411513   0.0049515112
    2      1.8732469   0.5777664691
    3      0.7227569   0.4846460366
     1     D         3
    1      2.9648179   0.2197679508
    2      0.9043640   0.6555473627
    3      0.3489317   0.2865732590
     1         S     3
    1      0.7122640  -0.3088441215
    2      0.2628702   0.0196064117
    3      0.1160863   1.1310344420
     1         P     3
    1      0.7122640  -0.1215468600
    2      0.2628702   0.5715227604
    3      0.1160863   0.5498949471
****
-Cr  0
     1     S         3
    1   1232.3204500   0.1543289673
    2    224.4687082   0.5353281423
    3     60.7499925   0.4446345422
     1         S     3
    1     92.7746242  -0.0999672292
    2     21.5588275   0.3995128261
    3      7.0115998   0.7001154689
     1         P     3
    1     92.7746242   0.1559162750
    2     21.5588275   0.6076837186
    3      7.0115998   0.3919573931
     1         S     3
    1      6.8994881  -0.2277635023
    2      2.1045638   0.2175436044
    3      0.8120061   0.9166769611
     1         P     3
    1      6.8994881   0.0049515112
    2      2.1045638   0.5777664691
    3      0.8120061   0.4846460366
     1     D         3
    1      4.2414792   0.2197679508
    2      1.2937864   0.6555473627
    3      0.4991830   0.2865732590
     1         S     3
    1      0.7547781  -0.3088441215
    2      0.2785606   0.0196064117
    3      0.1230153   1.1310344420
     1         P     3
    1      0.7547781  -0.1215468600
    2      0.2785606   0.5715227604
    3      0.1230153   0.5498949471
****
-Mn  0
     1     S         3
    1   1337.1532660   0.1543289673
    2    243.5641365   0.5353281423
    3     65.9179606   0.4446345422
     1         S     3
    1    102.0220021  -0.0999672292
    2     23.7077192   0.3995128261
    3      7.7104861   0.7001154689
     1         P     3
    1    102.0220021   0.1559162750
    2     23.7077192   0.6076837186
    3      7.7104861   0.3919573931
     1         S     3
    1      7.7019609  -0.2277635023
    2      2.3493436   0.2175436044
    3      0.9064498   0.9166769611
     1         P     3
    1      7.7019609   0.0049515112
    2      2.3493436   0.5777664691
    3      0.9064498   0.4846460366
     1     D         3
    1      5.4269505   0.2197679508
    2      1.6553929   0.6555473627
    3      0.6387020   0.2865732590
     1         S     3
    1      0.6709823  -0.3088441215
    2      0.2476347   0.0196064117
    3      0.1093581   1.1310344420
     1         P     3
    1      0.6709823  -0.1215468600
    2      0.2476347   0.5715227604
    3      0.1093581   0.5498949471
****
-Fe  0
     1     S         3
    1   1447.4004110   0.1543289673
    2    263.6457916   0.5353281423
    3     71.3528402   0.4446345422
     1         S     3
    1    111.9194891  -0.0999672292
    2     26.0076824   0.3995128261
    3      8.4585055   0.7001154689
     1         P     3
    1    111.9194891   0.1559162750
    2     26.0076824   0.6076837186
    3      8.4585055   0.3919573931
     1         S     3
    1      8.5485698  -0.2277635023
    2      2.6075863   0.2175436044
    3      1.0060878   0.9166769611
     1         P     3
    1      8.5485698   0.0049515112
    2      2.6075863   0.5777664691
    3      1.0060878   0.4846460366
     1     D         3
    1      6.4118035   0.2197679508
    2      1.9558044   0.6555473627
    3      0.7546102   0.2865732590
     1         S     3
    1      0.5921157  -0.3088441215
    2      0.2185279   0.0196064117
    3      0.0965042   1.1310344420
     1         P     3
    1      0.5921157  -0.1215468600
    2      0.2185279   0.5715227604
    3      0.0965042   0.5498949471
****
-Co  0
     1     S         3
    1   1557.2987040   0.1543289673
    2    283.6639029   0.5353281423
    3     76.7705223   0.4446345422
     1         S     3
    1    121.8344741  -0.0999672292
    2     28.3117116   0.3995128261
    3      9.2078473   0.7001154689
     1         P     3
    1    121.8344741   0.1559162750
    2     28.3117116   0.6076837186
    3      9.2078473   0.3919573931
     1         S     3
    1      9.4808517  -0.2277635023
    2      2.8919620   0.2175436044
    3      1.1158088   0.9166769611
     1         P     3
    1      9.4808517   0.0049515112
    2      2.8919620   0.5777664691
    3      1.1158088   0.4846460366
     1     D         3
    1      7.6645274   0.2197679508
    2      2.3379252   0.6555473627
    3      0.9020442   0.2865732590
     1         S     3
    1      0.5921157  -0.3088441215
    2      0.2185279   0.0196064117
    3      0.0965042   1.1310344420
     1         P     3
    1      0.5921157  -0.1215468600
    2      0.2185279   0.5715227604
    3      0.0965042   0.5498949471
****
-Ni  0
     1     S         3
    1   1679.7710280   0.1543289673
    2    305.9723896   0.5353281423
    3     82.8080694   0.4446345422
     1         S     3
    1    132.8588899  -0.0999672292
    2     30.8735488   0.3995128261
    3     10.0410363   0.7001154689
     1         P     3
    1    132.8588899   0.1559162750
    2     30.8735488   0.6076837186
    3     10.0410363   0.3919573931
     1         S     3
    1     10.3307434  -0.2277635023
    2      3.1512060   0.2175436044
    3      1.2158332   0.9166769611
     1         P     3
    1     10.3307434   0.0049515112
    2      3.1512060   0.5777664691
    3      1.2158332   0.4846460366
     1     D         3
    1      8.6277228   0.2197679508
    2      2.6317304   0.6555473627
    3      1.0154034   0.2865732590
     1         S     3
    1      0.6309328  -0.3088441215
    2      0.2328539   0.0196064117
    3      0.1028307   1.1310344420
     1         P     3
    1      0.6309328  -0.1215468600
    2      0.2328539   0.5715227604
    3      0.1028307   0.5498949471
****
-Cu  0
     1     S         3
    1   1801.8067300   0.1543289673
    2    328.2013450   0.5353281423
    3     88.8240923   0.4446345422
     1         S     3
    1    144.1212184  -0.0999672292
    2     33.4906717   0.3995128261
    3     10.8922059   0.7001154689
     1         P     3
    1    144.1212184   0.1559162750
    2     33.4906717   0.6076837186
    3     10.8922059   0.3919573931
     1         S     3
    1     11.3077540  -0.2277635023
    2      3.4492254   0.2175436044
    3      1.3308184   0.9166769611
     1         P     3
    1     11.3077540   0.0049515112
    2      3.4492254   0.5777664691
    3      1.3308184   0.4846460366
     1     D         3
    1      9.6479119   0.2197679508
    2      2.9429207   0.6555473627
    3      1.1354703   0.2865732590
     1         S     3
    1      0.6309328  -0.3088441215
    2      0.2328539   0.0196064117
    3      0.1028307   1.1310344420
     1         P     3
    1      0.6309328  -0.1215468600
    2      0.2328539   0.5715227604
    3      0.1028307   0.5498949471
****
-Zn  0
     1     S         3
    1   1929.4323010   0.1543289673
    2    351.4485021   0.5353281423
    3     95.1156802   0.4446345422
     1         S     3
    1    155.8416755  -0.0999672292
    2     36.2142539   0.3995128261
    3     11.7779993   0.7001154689
     1         P     3
    1    155.8416755   0.1559162750
    2     36.2142539   0.6076837186
    3     11.7779993   0.3919573931
     1         S     3
    1     12.2815274  -0.2277635023
    2      3.7462573   0.2175436044
    3      1.4454225   0.9166769611
     1         P     3
    1     12.2815274   0.0049515112
    2      3.7462573   0.5777664691
    3      1.4454225   0.4846460366
     1     D         3
    1     10.9473708   0.2197679508
    2      3.3392970   0.6555473627
    3      1.2884046   0.2865732590
     1         S     3
    1      0.8897139  -0.3088441215
    2      0.3283604   0.0196064117
    3      0.1450074   1.1310344420
     1         P     3
    1      0.8897139  -0.1215468600
    2      0.3283604   0.5715227604
    3      0.1450074   0.5498949471
****
-Ga  0
     1     S         3
    1   2061.4245320   0.1543289673
    2    375.4910517   0.5353281423
    3    101.6225324   0.4446345422
     1         S     3
    1    167.7618680  -0.0999672292
    2     38.9842503   0.3995128261
    3     12.6788881   0.7001154689
     1         P     3
    1    167.7618680   0.1559162750
    2     38.9842503   0.6076837186
    3     12.6788881   0.3919573931
     1         S     3
    1     12.6150552  -0.2277635023
    2      3.8479939   0.2175436044
    3      1.4846757   0.9166769611
     1         P     3
    1     12.6150552   0.0049515112
    2      3.8479939   0.5777664691
    3      1.4846757   0.4846460366
     1     D         3
    1     12.6150552   0.2197679508
    2      3.8479939   0.6555473627
    3      1.4846757   0.2865732590
     1         S     3
    1      0.7985244  -0.3088441215
    2      0.2947057   0.0196064117
    3      0.1301452   1.1310344420
     1         P     3
    1      0.7985244  -0.1215468600
    2      0.2947057   0.5715227604
    3      0.1301452   0.5498949471
****
-Ge  0
     1     S         3
    1   2196.3842290   0.1543289673
    2    400.0741292   0.5353281423
    3    108.2756726   0.4446345422
     1         S     3
    1    180.3890380  -0.0999672292
    2     41.9185330   0.3995128261
    3     13.6332079   0.7001154689
     1         P     3
    1    180.3890380   0.1559162750
    2     41.9185330   0.6076837186
    3     13.6332079   0.3919573931
     1         S     3
    1     14.1966562  -0.2277635023
    2      4.3304326   0.2175436044
    3      1.6708155   0.9166769611
     1         P     3
    1     14.1966562   0.0049515112
    2      4.3304326   0.5777664691
    3      1.6708155   0.4846460366
     1     D         3
    1     14.1966562   0.2197679508
    2      4.3304326   0.6555473627
    3      1.6708155   0.2865732590
     1         S     3
    1      0.9858326  -0.3088441215
    2      0.3638342   0.0196064117
    3      0.1606730   1.1310344420
     1         P     3
    1      0.9858326  -0.1215468600
    2      0.3638342   0.5715227604
    3      0.1606730   0.5498949471
****
-As  0
     1     S         3
    1   2337.0656730   0.1543289673
    2    425.6994298   0.5353281423
    3    115.2108790   0.4446345422
     1         S     3
    1    193.1970535  -0.0999672292
    2     44.8948404   0.3995128261
    3     14.6011955   0.7001154689
     1         P     3
    1    193.1970535   0.1559162750
    2     44.8948404   0.6076837186
    3     14.6011955   0.3919573931
     1         S     3
    1     15.8716358  -0.2277635023
    2      4.8413548   0.2175436044
    3      1.8679452   0.9166769611
     1         P     3
    1     15.8716358   0.0049515112
    2      4.8413548   0.5777664691
    3      1.8679452   0.4846460366
     1     D         3
    1     15.8716358   0.2197679508
    2      4.8413548   0.6555473627
    3      1.8679452   0.2865732590
     1         S     3
    1      1.1076815  -0.3088441215
    2      0.4088041   0.0196064117
    3      0.1805322   1.1310344420
     1         P     3
    1      1.1076815  -0.1215468600
    2      0.4088041   0.5715227604
    3      0.1805322   0.5498949471
****
-Se  0
     1     S         3
    1   2480.6268140   0.1543289673
    2    451.8492708   0.5353281423
    3    122.2880464   0.4446345422
     1         S     3
    1    206.1578780  -0.0999672292
    2     47.9066573   0.3995128261
    3     15.5807318   0.7001154689
     1         P     3
    1    206.1578780   0.1559162750
    2     47.9066573   0.6076837186
    3     15.5807318   0.3919573931
     1         S     3
    1     17.6399941  -0.2277635023
    2      5.3807605   0.2175436044
    3      2.0760647   0.9166769611
     1         P     3
    1     17.6399941   0.0049515112
    2      5.3807605   0.5777664691
    3      2.0760647   0.4846460366
     1     D         3
    1     17.6399941   0.2197679508
    2      5.3807605   0.6555473627
    3      2.0760647   0.2865732590
     1         S     3
    1      1.2146443  -0.3088441215
    2      0.4482801   0.0196064117
    3      0.1979652   1.1310344420
     1         P     3
    1      1.2146443  -0.1215468600
    2      0.4482801   0.5715227604
    3      0.1979652   0.5498949471
****
-Br  0
     1     S         3
    1   2629.9974710   0.1543289673
    2    479.0573224   0.5353281423
    3    129.6516070   0.4446345422
     1         S     3
    1    219.8350255  -0.0999672292
    2     51.0849322   0.3995128261
    3     16.6144055   0.7001154689
     1         P     3
    1    219.8350255   0.1559162750
    2     51.0849322   0.6076837186
    3     16.6144055   0.3919573931
     1         S     3
    1     19.5017311  -0.2277635023
    2      5.9486496   0.2175436044
    3      2.2951739   0.9166769611
     1         P     3
    1     19.5017311   0.0049515112
    2      5.9486496   0.5777664691
    3      2.2951739   0.4846460366
     1     D         3
    1     19.5017311   0.2197679508
    2      5.9486496   0.6555473627
    3      2.2951739   0.2865732590
     1         S     3
    1      1.3960375  -0.3088441215
    2      0.5152256   0.0196064117
    3      0.2275291   1.1310344420
     1         P     3
    1      1.3960375  -0.1215468600
    2      0.5152256   0.5715227604
    3      0.2275291   0.5498949471
****
-Kr  0
     1     S         3
    1   2782.1600550   0.1543289673
    2    506.7739270   0.5353281423
    3    137.1528019   0.4446345422
     1         S     3
    1    233.9514118  -0.0999672292
    2     54.3652768   0.3995128261
    3     17.6812753   0.7001154689
     1         P     3
    1    233.9514118   0.1559162750
    2     54.3652768   0.6076837186
    3     17.6812753   0.3919573931
     1         S     3
    1     21.4568467  -0.2277635023
    2      6.5450222   0.2175436044
    3      2.5252730   0.9166769611
     1         P     3
    1     21.4568467   0.0049515112
    2      6.5450222   0.5777664691
    3      2.5252730   0.4846460366
     1     D         3
    1     21.4568467   0.2197679508
    2      6.5450222   0.6555473627
    3      2.5252730   0.2865732590
     1         S     3
    1      1.5900493  -0.3088441215
    2      0.5868282   0.0196064117
    3      0.2591495   1.1310344420
     1         P     3
    1      1.5900493  -0.1215468600
    2      0.5868282   0.5715227604
    3      0.2591495   0.5498949471
****
-Rb  0
     1     S         3
    1   2938.6015290   0.1543289673
    2    535.2699368   0.5353281423
    3    144.8649342   0.4446345422
     1         S     3
    1    248.5070369  -0.0999672292
    2     57.7476911   0.3995128261
    3     18.7813414   0.7001154689
     1         P     3
    1    248.5070369   0.1559162750
    2     57.7476911   0.6076837186
    3     18.7813414   0.3919573931
     1         S     3
    1     23.5053410  -0.2277635023
    2      7.1698782   0.2175436044
    3      2.7663619   0.9166769611
     1         P     3
    1     23.5053410   0.0049515112
    2      7.1698782   0.5777664691
    3      2.7663619   0.4846460366
     1     D         3
    1     23.5053410   0.2197679508
    2      7.1698782   0.6555473627
    3      2.7663619   0.2865732590
     1         S     3
    1      2.2477968  -0.3088441215
    2      0.8295784   0.0196064117
    3      0.3663506   1.1310344420
     1         P     3
    1      2.2477968  -0.1215468600
    2      0.8295784   0.5715227604
    3      0.3663506   0.5498949471
     1         S     3
    1      0.4869940  -0.3842642607
    2      0.2622162  -0.1972567438
    3      0.1158255   1.3754955120
     1         P     3
    1      0.4869940  -0.3481691526
    2      0.2622162   0.6290323690
    3      0.1158255   0.6662832743
****
-Sr  0
     1     S         3
    1   3100.9839510   0.1543289673
    2    564.8480978   0.5353281423
    3    152.8699389   0.4446345422
     1         S     3
    1    263.5019007  -0.0999672292
    2     61.2321749   0.3995128261
    3     19.9146037   0.7001154689
     1         P     3
    1    263.5019007   0.1559162750
    2     61.2321749   0.6076837186
    3     19.9146037   0.3919573931
     1         S     3
    1     25.5788669  -0.2277635023
    2      7.8023697   0.2175436044
    3      3.0103968   0.9166769611
     1         P     3
    1     25.5788669   0.0049515112
    2      7.8023697   0.5777664691
    3      3.0103968   0.4846460366
     1     D         3
    1     25.5788669   0.2197679508
    2      7.8023697   0.6555473627
    3      3.0103968   0.2865732590
     1         S     3
    1      2.4610324  -0.3088441215
    2      0.9082757   0.0196064117
    3      0.4011041   1.1310344420
     1         P     3
    1      2.4610324  -0.1215468600
    2      0.9082757   0.5715227604
    3      0.4011041   0.5498949471
     1         S     3
    1      0.4370805  -0.3842642607
    2      0.2353408  -0.1972567438
    3      0.1039542   1.3754955120
     1         P     3
    1      0.4370805  -0.3481691526
    2      0.2353408   0.6290323690
    3      0.1039542   0.6662832743
****
-Y   0
     1     S         3
    1   3266.0268690   0.1543289673
    2    594.9108712   0.5353281423
    3    161.0060986   0.4446345422
     1         S     3
    1    277.9377244  -0.0999672292
    2     64.5867499   0.3995128261
    3     21.0056156   0.7001154689
     1         P     3
    1    277.9377244   0.1559162750
    2     64.5867499   0.6076837186
    3     21.0056156   0.3919573931
     1         S     3
    1     28.9623842  -0.2277635023
    2      8.8344503   0.2175436044
    3      3.4086056   0.9166769611
     1         P     3
    1     28.9623842   0.0049515112
    2      8.8344503   0.5777664691
    3      3.4086056   0.4846460366
     1     D         3
    1     28.9623842   0.2197679508
    2      8.8344503   0.6555473627
    3      3.4086056   0.2865732590
     1         S     3
    1      2.5272749  -0.3306100626
    2      0.9841077   0.0576109534
    3      0.4332066   1.1155787450
     1         P     3
    1      2.5272749  -0.1283927634
    2      0.9841077   0.5852047641
    3      0.4332066   0.5439442040
     1     D         3
    1      0.4576324   0.1250662138
    2      0.1781997   0.6686785577
    3      0.0784439   0.3052468245
     1         S     3
    1      0.4370805  -0.3842642607
    2      0.2353408  -0.1972567438
    3      0.1039542   1.3754955120
     1         P     3
    1      0.4370805  -0.3481691526
    2      0.2353408   0.6290323690
    3      0.1039542   0.6662832743
****
-Zr  0
     1     S         3
    1   3435.3486770   0.1543289673
    2    625.7530498   0.5353281423
    3    169.3531958   0.4446345422
     1         S     3
    1    293.7830292  -0.0999672292
    2     68.2688580   0.3995128261
    3     22.2031514   0.7001154689
     1         P     3
    1    293.7830292   0.1559162750
    2     68.2688580   0.6076837186
    3     22.2031514   0.3919573931
     1         S     3
    1     30.7329310  -0.2277635023
    2      9.3745235   0.2175436044
    3      3.6169826   0.9166769611
     1         P     3
    1     30.7329310   0.0049515112
    2      9.3745235   0.5777664691
    3      3.6169826   0.4846460366
     1     D         3
    1     30.7329310   0.2197679508
    2      9.3745235   0.6555473627
    3      3.6169826   0.2865732590
     1         S     3
    1      2.8276078  -0.3306100626
    2      1.1010558   0.0576109534
    3      0.4846875   1.1155787450
     1         P     3
    1      2.8276078  -0.1283927634
    2      1.1010558   0.5852047641
    3      0.4846875   0.5439442040
     1     D         3
    1      0.8878302   0.1250662138
    2      0.3457165   0.6686785577
    3      0.1521852   0.3052468245
     1         S     3
    1      0.4869940  -0.3842642607
    2      0.2622162  -0.1972567438
    3      0.1158255   1.3754955120
     1         P     3
    1      0.4869940  -0.3481691526
    2      0.2622162   0.6290323690
    3      0.1158255   0.6662832743
****
-Nb  0
     1     S         3
    1   3610.7428640   0.1543289673
    2    657.7013201   0.5353281423
    3    177.9996445   0.4446345422
     1         S     3
    1    310.0675728  -0.0999672292
    2     72.0530357   0.3995128261
    3     23.4338835   0.7001154689
     1         P     3
    1    310.0675728   0.1559162750
    2     72.0530357   0.6076837186
    3     23.4338835   0.3919573931
     1         S     3
    1     33.0199786  -0.2277635023
    2     10.0721459   0.2175436044
    3      3.8861470   0.9166769611
     1         P     3
    1     33.0199786   0.0049515112
    2     10.0721459   0.5777664691
    3      3.8861470   0.4846460366
     1     D         3
    1     33.0199786   0.2197679508
    2     10.0721459   0.6555473627
    3      3.8861470   0.2865732590
     1         S     3
    1      3.1447984  -0.3306100626
    2      1.2245682   0.0576109534
    3      0.5390579   1.1155787450
     1         P     3
    1      3.1447984  -0.1283927634
    2      1.2245682   0.5852047641
    3      0.5390579   0.5439442040
     1     D         3
    1      1.3448789   0.1250662138
    2      0.5236889   0.6686785577
    3      0.2305291   0.3052468245
     1         S     3
    1      0.4869940  -0.3842642607
    2      0.2622162  -0.1972567438
    3      0.1158255   1.3754955120
     1         P     3
    1      0.4869940  -0.3481691526
    2      0.2622162   0.6290323690
    3      0.1158255   0.6662832743
****
-Mo  0
     1     S         3
    1   3788.6661150   0.1543289673
    2    690.1102623   0.5353281423
    3    186.7707691   0.4446345422
     1         S     3
    1    326.4309567  -0.0999672292
    2     75.8555342   0.3995128261
    3     24.6705740   0.7001154689
     1         P     3
    1    326.4309567   0.1559162750
    2     75.8555342   0.6076837186
    3     24.6705740   0.3919573931
     1         S     3
    1     35.4694813  -0.2277635023
    2     10.8193223   0.2175436044
    3      4.1744309   0.9166769611
     1         P     3
    1     35.4694813   0.0049515112
    2     10.8193223   0.5777664691
    3      4.1744309   0.4846460366
     1     D         3
    1     35.4694813   0.2197679508
    2     10.8193223   0.6555473627
    3      4.1744309   0.2865732590
     1         S     3
    1      3.4968952  -0.3306100626
    2      1.3616729   0.0576109534
    3      0.5994117   1.1155787450
     1         P     3
    1      3.4968952  -0.1283927634
    2      1.3616729   0.5852047641
    3      0.5994117   0.5439442040
     1     D         3
    1      1.7021123   0.1250662138
    2      0.6627937   0.6686785577
    3      0.2917634   0.3052468245
     1         S     3
    1      0.5129625  -0.3842642607
    2      0.2761986  -0.1972567438
    3      0.1220018   1.3754955120
     1         P     3
    1      0.5129625  -0.3481691526
    2      0.2761986   0.6290323690
    3      0.1220018   0.6662832743
****
-Tc  0
     1     S         3
    1   3970.8682570   0.1543289673
    2    723.2986098   0.5353281423
    3    195.7528311   0.4446345422
     1         S     3
    1    343.5846323  -0.0999672292
    2     79.8416795   0.3995128261
    3     25.9669922   0.7001154689
     1         P     3
    1    343.5846323   0.1559162750
    2     79.8416795   0.6076837186
    3     25.9669922   0.3919573931
     1         S     3
    1     38.0899198  -0.2277635023
    2     11.6186396   0.2175436044
    3      4.4828324   0.9166769611
     1         P     3
    1     38.0899198   0.0049515112
    2     11.6186396   0.5777664691
    3      4.4828324   0.4846460366
     1     D         3
    1     38.0899198   0.2197679508
    2     11.6186396   0.6555473627
    3      4.4828324   0.2865732590
     1         S     3
    1      3.8297527  -0.3306100626
    2      1.4912859   0.0576109534
    3      0.6564677   1.1155787450
     1         P     3
    1      3.8297527  -0.1283927634
    2      1.4912859   0.5852047641
    3      0.6564677   0.5439442040
     1     D         3
    1      2.1013732   0.1250662138
    2      0.8182638   0.6686785577
    3      0.3602018   0.3052468245
     1         S     3
    1      0.4617000  -0.3842642607
    2      0.2485969  -0.1972567438
    3      0.1098096   1.3754955120
     1         P     3
    1      0.4617000  -0.3481691526
    2      0.2485969   0.6290323690
    3      0.1098096   0.6662832743
****
-Ru  0
     1     S         3
    1   4159.2742100   0.1543289673
    2    757.6169894   0.5353281423
    3    205.0407239   0.4446345422
     1         S     3
    1    360.7986561  -0.0999672292
    2     83.8418484   0.3995128261
    3     27.2679713   0.7001154689
     1         P     3
    1    360.7986561   0.1559162750
    2     83.8418484   0.6076837186
    3     27.2679713   0.3919573931
     1         S     3
    1     40.7175168  -0.2277635023
    2     12.4201404   0.2175436044
    3      4.7920763   0.9166769611
     1         P     3
    1     40.7175168   0.0049515112
    2     12.4201404   0.5777664691
    3      4.7920763   0.4846460366
     1     D         3
    1     40.7175168   0.2197679508
    2     12.4201404   0.6555473627
    3      4.7920763   0.2865732590
     1         S     3
    1      4.1975164  -0.3306100626
    2      1.6344911   0.0576109534
    3      0.7195070   1.1155787450
     1         P     3
    1      4.1975164  -0.1283927634
    2      1.6344911   0.5852047641
    3      0.7195070   0.5439442040
     1     D         3
    1      2.3908958   0.1250662138
    2      0.9310024   0.6686785577
    3      0.4098296   0.3052468245
     1         S     3
    1      0.4131355  -0.3842642607
    2      0.2224479  -0.1972567438
    3      0.0982592   1.3754955120
     1         P     3
    1      0.4131355  -0.3481691526
    2      0.2224479   0.6290323690
    3      0.0982592   0.6662832743
****
-Rh  0
     1     S         3
    1   4350.0777940   0.1543289673
    2    792.3721005   0.5353281423
    3    214.4468133   0.4446345422
     1         S     3
    1    378.4334264  -0.0999672292
    2     87.9397898   0.3995128261
    3     28.6007490   0.7001154689
     1         P     3
    1    378.4334264   0.1559162750
    2     87.9397898   0.6076837186
    3     28.6007490   0.3919573931
     1         S     3
    1     43.5217946  -0.2277635023
    2     13.2755345   0.2175436044
    3      5.1221139   0.9166769611
     1         P     3
    1     43.5217946   0.0049515112
    2     13.2755345   0.5777664691
    3      5.1221139   0.4846460366
     1     D         3
    1     43.5217946   0.2197679508
    2     13.2755345   0.6555473627
    3      5.1221139   0.2865732590
     1         S     3
    1      4.5408574  -0.3306100626
    2      1.7681863   0.0576109534
    3      0.7783600   1.1155787450
     1         P     3
    1      4.5408574  -0.1283927634
    2      1.7681863   0.5852047641
    3      0.7783600   0.5439442040
     1     D         3
    1      2.7790661   0.1250662138
    2      1.0821539   0.6686785577
    3      0.4763668   0.3052468245
     1         S     3
    1      0.4131355  -0.3842642607
    2      0.2224479  -0.1972567438
    3      0.0982592   1.3754955120
     1         P     3
    1      0.4131355  -0.3481691526
    2      0.2224479   0.6290323690
    3      0.0982592   0.6662832743
****
-Pd  0
     1     S         3
    1   4545.1602690   0.1543289673
    2    827.9066168   0.5353281423
    3    224.0638402   0.4446345422
     1         S     3
    1    396.4889433  -0.0999672292
    2     92.1355037   0.3995128261
    3     29.9653254   0.7001154689
     1         P     3
    1    396.4889433   0.1559162750
    2     92.1355037   0.6076837186
    3     29.9653254   0.3919573931
     1         S     3
    1     46.4194510  -0.2277635023
    2     14.1594121   0.2175436044
    3      5.4631414   0.9166769611
     1         P     3
    1     46.4194510   0.0049515112
    2     14.1594121   0.5777664691
    3      5.4631414   0.4846460366
     1     D         3
    1     46.4194510   0.2197679508
    2     14.1594121   0.6555473627
    3      5.4631414   0.2865732590
     1         S     3
    1      4.9191046  -0.3306100626
    2      1.9154738   0.0576109534
    3      0.8431963   1.1155787450
     1         P     3
    1      4.9191046  -0.1283927634
    2      1.9154738   0.5852047641
    3      0.8431963   0.5439442040
     1     D         3
    1      3.0259774   0.1250662138
    2      1.1782999   0.6686785577
    3      0.5186905   0.3052468245
     1         S     3
    1      0.4370805  -0.3842642607
    2      0.2353408  -0.1972567438
    3      0.1039542   1.3754955120
     1         P     3
    1      0.4370805  -0.3481691526
    2      0.2353408   0.6290323690
    3      0.1039542   0.6662832743
****
-Ag  0
     1     S         3
    1   4744.5216340   0.1543289673
    2    864.2205383   0.5353281423
    3    233.8918045   0.4446345422
     1         S     3
    1    414.9652069  -0.0999672292
    2     96.4289900   0.3995128261
    3     31.3617003   0.7001154689
     1         P     3
    1    414.9652069   0.1559162750
    2     96.4289900   0.6076837186
    3     31.3617003   0.3919573931
     1         S     3
    1     49.4104861  -0.2277635023
    2     15.0717731   0.2175436044
    3      5.8151586   0.9166769611
     1         P     3
    1     49.4104861   0.0049515112
    2     15.0717731   0.5777664691
    3      5.8151586   0.4846460366
     1     D         3
    1     49.4104861   0.2197679508
    2     15.0717731   0.6555473627
    3      5.8151586   0.2865732590
     1         S     3
    1      5.2902305  -0.3306100626
    2      2.0599883   0.0576109534
    3      0.9068119   1.1155787450
     1         P     3
    1      5.2902305  -0.1283927634
    2      2.0599883   0.5852047641
    3      0.9068119   0.5439442040
     1     D         3
    1      3.2833957   0.1250662138
    2      1.2785373   0.6686785577
    3      0.5628152   0.3052468245
     1         S     3
    1      0.4370805  -0.3842642607
    2      0.2353408  -0.1972567438
    3      0.1039542   1.3754955120
     1         P     3
    1      0.4370805  -0.3481691526
    2      0.2353408   0.6290323690
    3      0.1039542   0.6662832743
****
-Cd  0
     1     S         3
    1   4950.2619050   0.1543289673
    2    901.6963856   0.5353281423
    3    244.0342313   0.4446345422
     1         S     3
    1    433.4469385  -0.0999672292
    2    100.7237469   0.3995128261
    3     32.7584886   0.7001154689
     1         P     3
    1    433.4469385   0.1559162750
    2    100.7237469   0.6076837186
    3     32.7584886   0.3919573931
     1         S     3
    1     52.5927924  -0.2277635023
    2     16.0424780   0.2175436044
    3      6.1896867   0.9166769611
     1         P     3
    1     52.5927924   0.0049515112
    2     16.0424780   0.5777664691
    3      6.1896867   0.4846460366
     1     D         3
    1     52.5927924   0.2197679508
    2     16.0424780   0.6555473627
    3      6.1896867   0.2865732590
     1         S     3
    1      5.6748518  -0.3306100626
    2      2.2097579   0.0576109534
    3      0.9727409   1.1155787450
     1         P     3
    1      5.6748518  -0.1283927634
    2      2.2097579   0.5852047641
    3      0.9727409   0.5439442040
     1     D         3
    1      3.6429640   0.1250662138
    2      1.4185513   0.6686785577
    3      0.6244498   0.3052468245
     1         S     3
    1      0.5949151  -0.3842642607
    2      0.3203250  -0.1972567438
    3      0.1414932   1.3754955120
     1         P     3
    1      0.5949151  -0.3481691526
    2      0.3203250   0.6290323690
    3      0.1414932   0.6662832743
****
-In  0
     1     S         3
    1   5158.2247140   0.1543289673
    2    939.5770707   0.5353281423
    3    254.2862231   0.4446345422
     1         S     3
    1    452.3313223  -0.0999672292
    2    105.1120716   0.3995128261
    3     34.1857080   0.7001154689
     1         P     3
    1    452.3313223   0.1559162750
    2    105.1120716   0.6076837186
    3     34.1857080   0.3919573931
     1         S     3
    1     55.9753977  -0.2277635023
    2     17.0742804   0.2175436044
    3      6.5877882   0.9166769611
     1         P     3
    1     55.9753977   0.0049515112
    2     17.0742804   0.5777664691
    3      6.5877882   0.4846460366
     1     D         3
    1     55.9753977   0.2197679508
    2     17.0742804   0.6555473627
    3      6.5877882   0.2865732590
     1         S     3
    1      5.0485492  -0.3306100626
    2      1.9658789   0.0576109534
    3      0.8653847   1.1155787450
     1         P     3
    1      5.0485492  -0.1283927634
    2      1.9658789   0.5852047641
    3      0.8653847   0.5439442040
     1     D         3
    1      5.0485492   0.1250662138
    2      1.9658789   0.6686785577
    3      0.8653847   0.3052468245
     1         S     3
    1      0.5669231  -0.3842642607
    2      0.3052530  -0.1972567438
    3      0.1348356   1.3754955120
     1         P     3
    1      0.5669231  -0.3481691526
    2      0.3052530   0.6290323690
    3      0.1348356   0.6662832743
****
-Sn  0
     1     S         3
    1   5370.4664130   0.1543289673
    2    978.2371611   0.5353281423
    3    264.7491522   0.4446345422
     1         S     3
    1    472.0515322  -0.0999672292
    2    109.6946243   0.3995128261
    3     35.6760964   0.7001154689
     1         P     3
    1    472.0515322   0.1559162750
    2    109.6946243   0.6076837186
    3     35.6760964   0.3919573931
     1         S     3
    1     59.1514119  -0.2277635023
    2     18.0430660   0.2175436044
    3      6.9615758   0.9166769611
     1         P     3
    1     59.1514119   0.0049515112
    2     18.0430660   0.5777664691
    3      6.9615758   0.4846460366
     1     D         3
    1     59.1514119   0.2197679508
    2     18.0430660   0.6555473627
    3      6.9615758   0.2865732590
     1         S     3
    1      5.5831385  -0.3306100626
    2      2.1740452   0.0576109534
    3      0.9570201   1.1155787450
     1         P     3
    1      5.5831385  -0.1283927634
    2      2.1740452   0.5852047641
    3      0.9570201   0.5439442040
     1     D         3
    1      5.5831385   0.1250662138
    2      2.1740452   0.6686785577
    3      0.9570201   0.3052468245
     1         S     3
    1      0.6235816  -0.3842642607
    2      0.3357602  -0.1972567438
    3      0.1483112   1.3754955120
     1         P     3
    1      0.6235816  -0.3481691526
    2      0.3357602   0.6290323690
    3      0.1483112   0.6662832743
****
-Sb  0
     1     S         3
    1   5586.9870020   0.1543289673
    2   1017.6766570   0.5353281423
    3    275.4230189   0.4446345422
     1         S     3
    1    492.1924888  -0.0999672292
    2    114.3749494   0.3995128261
    3     37.1982834   0.7001154689
     1         P     3
    1    492.1924888   0.1559162750
    2    114.3749494   0.6076837186
    3     37.1982834   0.3919573931
     1         S     3
    1     62.5217977  -0.2277635023
    2     19.0711411   0.2175436044
    3      7.3582391   0.9166769611
     1         P     3
    1     62.5217977   0.0049515112
    2     19.0711411   0.5777664691
    3      7.3582391   0.4846460366
     1     D         3
    1     62.5217977   0.2197679508
    2     19.0711411   0.6555473627
    3      7.3582391   0.2865732590
     1         S     3
    1      6.1206931  -0.3306100626
    2      2.3833662   0.0576109534
    3      1.0491637   1.1155787450
     1         P     3
    1      6.1206931  -0.1283927634
    2      2.3833662   0.5852047641
    3      1.0491637   0.5439442040
     1     D         3
    1      6.1206931   0.1250662138
    2      2.3833662   0.6686785577
    3      1.0491637   0.3052468245
     1         S     3
    1      0.6529227  -0.3842642607
    2      0.3515585  -0.1972567438
    3      0.1552896   1.3754955120
     1         P     3
    1      0.6529227  -0.3481691526
    2      0.3515585   0.6290323690
    3      0.1552896   0.6662832743
****
-Te  0
     1     S         3
    1   5810.0615910   0.1543289673
    2   1058.3099720   0.5353281423
    3    286.4199797   0.4446345422
     1         S     3
    1    512.7541920  -0.0999672292
    2    119.1530471   0.3995128261
    3     38.7522690   0.7001154689
     1         P     3
    1    512.7541920   0.1559162750
    2    119.1530471   0.6076837186
    3     38.7522690   0.3919573931
     1         S     3
    1     65.9855623  -0.2277635023
    2     20.1276997   0.2175436044
    3      7.7658923   0.9166769611
     1         P     3
    1     65.9855623   0.0049515112
    2     20.1276997   0.5777664691
    3      7.7658923   0.4846460366
     1     D         3
    1     65.9855623   0.2197679508
    2     20.1276997   0.6555473627
    3      7.7658923   0.2865732590
     1         S     3
    1      6.7079569  -0.3306100626
    2      2.6120437   0.0576109534
    3      1.1498280   1.1155787450
     1         P     3
    1      6.7079569  -0.1283927634
    2      2.6120437   0.5852047641
    3      1.1498280   0.5439442040
     1     D         3
    1      6.7079569   0.1250662138
    2      2.6120437   0.6686785577
    3      1.1498280   0.3052468245
     1         S     3
    1      0.7012713  -0.3842642607
    2      0.3775913  -0.1972567438
    3      0.1667887   1.3754955120
     1         P     3
    1      0.7012713  -0.3481691526
    2      0.3775913   0.6290323690
    3      0.1667887   0.6662832743
****
-I   0
     1     S         3
    1   6035.1836230   0.1543289673
    2   1099.3162310   0.5353281423
    3    297.5178737   0.4446345422
     1         S     3
    1    533.7366418  -0.0999672292
    2    124.0289171   0.3995128261
    3     40.3380533   0.7001154689
     1         P     3
    1    533.7366418   0.1559162750
    2    124.0289171   0.6076837186
    3     40.3380533   0.3919573931
     1         S     3
    1     69.5427054  -0.2277635023
    2     21.2127417   0.2175436044
    3      8.1845352   0.9166769611
     1         P     3
    1     69.5427054   0.0049515112
    2     21.2127417   0.5777664691
    3      8.1845352   0.4846460366
     1     D         3
    1     69.5427054   0.2197679508
    2     21.2127417   0.6555473627
    3      8.1845352   0.2865732590
     1         S     3
    1      7.2959912  -0.3306100626
    2      2.8410212   0.0576109534
    3      1.2506245   1.1155787450
     1         P     3
    1      7.2959912  -0.1283927634
    2      2.8410212   0.5852047641
    3      1.2506245   0.5439442040
     1     D         3
    1      7.2959912   0.1250662138
    2      2.8410212   0.6686785577
    3      1.2506245   0.3052468245
     1         S     3
    1      0.7900365  -0.3842642607
    2      0.4253858  -0.1972567438
    3      0.1879004   1.3754955120
     1         P     3
    1      0.7900365  -0.3481691526
    2      0.4253858   0.6290323690
    3      0.1879004   0.6662832743
****
-Xe  0
     1     S         3
    1   6264.5845460   0.1543289673
    2   1141.1018950   0.5353281423
    3    308.8267052   0.4446345422
     1         S     3
    1    555.1398381  -0.0999672292
    2    129.0025597   0.3995128261
    3     41.9556362   0.7001154689
     1         P     3
    1    555.1398381   0.1559162750
    2    129.0025597   0.6076837186
    3     41.9556362   0.3919573931
     1         S     3
    1     73.0777350  -0.2277635023
    2     22.2910384   0.2175436044
    3      8.6005756   0.9166769611
     1         P     3
    1     73.0777350   0.0049515112
    2     22.2910384   0.5777664691
    3      8.6005756   0.4846460366
     1     D         3
    1     73.0777350   0.2197679508
    2     22.2910384   0.6555473627
    3      8.6005756   0.2865732590
     1         S     3
    1      7.9087283  -0.3306100626
    2      3.0796178   0.0576109534
    3      1.3556553   1.1155787450
     1         P     3
    1      7.9087283  -0.1283927634
    2      3.0796178   0.5852047641
    3      1.3556553   0.5439442040
     1     D         3
    1      7.9087283   0.1250662138
    2      3.0796178   0.6686785577
    3      1.3556553   0.3052468245
     1         S     3
    1      0.8910101  -0.3842642607
    2      0.4797539  -0.1972567438
    3      0.2119157   1.3754955120
     1         P     3
    1      0.8910101  -0.3481691526
    2      0.4797539   0.6290323690
    3      0.2119157   0.6662832743
****
