-H   0
     1     S         4
    1      8.0214202   0.0567524208
    2      1.4678211   0.2601413550
    3      0.4077768   0.5328461143
    4      0.1353374   0.2916254405
****
-He  0
     1     S         4
    1     14.8998297   0.0567524208
    2      2.7264853   0.2601413550
    3      0.7574475   0.5328461143
    4      0.2513900   0.2916254405
****
-Li  0
     1     S         4
    1     37.7496087   0.0567524208
    2      6.9077133   0.2601413550
    3      1.9190384   0.5328461143
    4      0.6369116   0.2916254405
     1         S     4
    1      1.4870424  -0.0622071456
    2      0.3219128   0.0000297680
    3      0.1046660   0.5588549221
    4      0.0401987   0.4977673218
     1         P     4
    1      1.4870424   0.0436843488
    2      0.3219128   0.2863793984
    3      0.1046660   0.5835753141
    4      0.0401987   0.2463134378
****
-Be  0
     1     S         4
    1     70.6485954   0.0567524208
    2     12.9278225   0.2601413550
    3      3.5914907   0.5328461143
    4      1.1919835   0.2916254405
     1         S     4
    1      3.0728336  -0.0622071456
    2      0.6652025   0.0000297680
    3      0.2162825   0.5588549221
    4      0.0830668   0.4977673218
     1         P     4
    1      3.0728336   0.0436843488
    2      0.6652025   0.2863793984
    3      0.2162825   0.5835753141
    4      0.0830668   0.2463134378
****
-B   0
     1     S         4
    1    114.2614157   0.0567524208
    2     20.9084313   0.2601413550
    3      5.8085912   0.5328461143
    4      1.9278192   0.2916254405
     1         S     4
    1      5.2278833  -0.0622071456
    2      1.1317246   0.0000297680
    3      0.3679665   0.5588549221
    4      0.1413235   0.4977673218
     1         P     4
    1      5.2278833   0.0436843488
    2      1.1317246   0.2863793984
    3      0.3679665   0.5835753141
    4      0.1413235   0.2463134378
****
-C   0
     1     S         4
    1    167.7158132   0.0567524208
    2     30.6899275   0.2601413550
    3      8.5259979   0.5328461143
    4      2.8297021   0.2916254405
     1         S     4
    1      6.8738533  -0.0622071456
    2      1.4880417   0.0000297680
    3      0.4838187   0.5588549221
    4      0.1858184   0.4977673218
     1         P     4
    1      6.8738533   0.0436843488
    2      1.4880417   0.2863793984
    3      0.4838187   0.5835753141
    4      0.1858184   0.2463134378
****
-N   0
     1     S         4
    1    232.0916748   0.0567524208
    2     42.4699170   0.2601413550
    3     11.7986080   0.5328461143
    4      3.9158519   0.2916254405
     1         S     4
    1      8.8351227  -0.0622071456
    2      1.9126145   0.0000297680
    3      0.6218634   0.5588549221
    4      0.2388367   0.4977673218
     1         P     4
    1      8.8351227   0.0436843488
    2      1.9126145   0.2863793984
    3      0.6218634   0.5835753141
    4      0.2388367   0.2463134378
****
-O   0
     1     S         4
    1    306.1014831   0.0567524208
    2     56.0128001   0.2601413550
    3     15.5609692   0.5328461143
    4      5.1645458   0.2916254405
     1         S     4
    1     11.7627374  -0.0622071456
    2      2.5463802   0.0000297680
    3      0.8279247   0.5588549221
    4      0.3179779   0.4977673218
     1         P     4
    1     11.7627374   0.0436843488
    2      2.5463802   0.2863793984
    3      0.8279247   0.5835753141
    4      0.3179779   0.2463134378
****
-F   0
     1     S         4
    1    390.3373501   0.0567524208
    2     71.4269260   0.2601413550
    3     19.8431822   0.5328461143
    4      6.5857738   0.2916254405
     1         S     4
    1     15.1085827  -0.0622071456
    2      3.2706840   0.0000297680
    3      1.0634232   0.5588549221
    4      0.4084249   0.4977673218
     1         P     4
    1     15.1085827   0.0436843488
    2      3.2706840   0.2863793984
    3      1.0634232   0.5835753141
    4      0.4084249   0.2463134378
****
-Ne  0
     1     S         4
    1    484.7992758   0.0567524208
    2     88.7122945   0.2601413550
    3     24.6452468   0.5328461143
    4      8.1795359   0.2916254405
     1         S     4
    1     19.2720689  -0.0622071456
    2      4.1719894   0.0000297680
    3      1.3564717   0.5588549221
    4      0.5209749   0.4977673218
     1         P     4
    1     19.2720689   0.0436843488
    2      4.1719894   0.2863793984
    3      1.3564717   0.5835753141
    4      0.5209749   0.2463134378
****
-Na  0
     1     S         4
    1    587.2711446   0.0567524208
    2    107.4633840   0.2601413550
    3     29.8545048   0.5328461143
    4      9.9084418   0.2916254405
     1         S     4
    1     28.1385589  -0.0622071456
    2      6.0913942   0.0000297680
    3      1.9805430   0.5588549221
    4      0.7606596   0.4977673218
     1         P     4
    1     28.1385589   0.0436843488
    2      6.0913942   0.2863793984
    3      1.9805430   0.5835753141
    4      0.7606596   0.2463134378
     1         S     4
    1      2.8227284  -0.0852901964
    2      0.7762611  -0.2132074034
    3      0.3055296   0.5920843928
    4      0.1359747   0.6115584746
     1         P     4
    1      2.8227284  -0.0250494518
    2      0.7762611   0.1686604461
    3      0.3055296   0.6409553151
    4      0.1359747   0.2779508957
****
-Mg  0
     1     S         4
    1    700.7688142   0.0567524208
    2    128.2320592   0.2601413550
    3     35.6242702   0.5328461143
    4     11.8233750   0.2916254405
     1         S     4
    1     35.3404909  -0.0622071456
    2      7.6504580   0.0000297680
    3      2.4874536   0.5588549221
    4      0.9553468   0.4977673218
     1         P     4
    1     35.3404909   0.0436843488
    2      7.6504580   0.2863793984
    3      2.4874536   0.5835753141
    4      0.9553468   0.2463134378
     1         S     4
    1      2.6637339  -0.0852901964
    2      0.7325370  -0.2132074034
    3      0.2883202   0.5920843928
    4      0.1283157   0.6115584746
     1         P     4
    1      2.6637339  -0.0250494518
    2      0.7325370   0.1686604461
    3      0.2883202   0.6409553151
    4      0.1283157   0.2779508957
****
-Al  0
     1     S         4
    1    822.9760059   0.0567524208
    2    150.5944697   0.2601413550
    3     41.8367927   0.5328461143
    4     13.8852554   0.2916254405
     1         S     4
    1     44.1688755  -0.0622071456
    2      9.5616138   0.0000297680
    3      3.1088428   0.5588549221
    4      1.1940014   0.4977673218
     1         P     4
    1     44.1688755   0.0436843488
    2      9.5616138   0.2863793984
    3      3.1088428   0.5835753141
    4      1.1940014   0.2463134378
     1         S     4
    1      2.6637339  -0.0852901964
    2      0.7325370  -0.2132074034
    3      0.2883202   0.5920843928
    4      0.1283157   0.6115584746
     1         P     4
    1      2.6637339  -0.0250494518
    2      0.7325370   0.1686604461
    3      0.2883202   0.6409553151
    4      0.1283157   0.2779508957
****
-Si  0
     1     S         4
    1    955.0002556   0.0567524208
    2    174.7532808   0.2601413550
    3     48.5483750   0.5328461143
    4     16.1127692   0.2916254405
     1         S     4
    1     54.2047849  -0.0622071456
    2     11.7341729   0.0000297680
    3      3.8152240   0.5588549221
    4      1.4652985   0.4977673218
     1         P     4
    1     54.2047849   0.0436843488
    2     11.7341729   0.2863793984
    3      3.8152240   0.5835753141
    4      1.4652985   0.2463134378
     1         S     4
    1      2.8227284  -0.0852901964
    2      0.7762611  -0.2132074034
    3      0.3055296   0.5920843928
    4      0.1359747   0.6115584746
     1         P     4
    1      2.8227284  -0.0250494518
    2      0.7762611   0.1686604461
    3      0.3055296   0.6409553151
    4      0.1359747   0.2779508957
****
-P   0
     1     S         4
    1   1096.8415630   0.0567524208
    2    200.7084925   0.2601413550
    3     55.7590170   0.5328461143
    4     18.5059165   0.2916254405
     1         S     4
    1     65.5137420  -0.0622071456
    2     14.1823194   0.0000297680
    3      4.6112091   0.5588549221
    4      1.7710095   0.4977673218
     1         P     4
    1     65.5137420   0.0436843488
    2     14.1823194   0.2863793984
    3      4.6112091   0.5835753141
    4      1.7710095   0.2463134378
     1         S     4
    1      3.3273632  -0.0852901964
    2      0.9150376  -0.2132074034
    3      0.3601508   0.5920843928
    4      0.1602837   0.6115584746
     1         P     4
    1      3.3273632  -0.0250494518
    2      0.9150376   0.1686604461
    3      0.3601508   0.6409553151
    4      0.1602837   0.2779508957
****
-S   0
     1     S         4
    1   1248.4999290   0.0567524208
    2    228.4601050   0.2601413550
    3     63.4687188   0.5328461143
    4     21.0646972   0.2916254405
     1         S     4
    1     77.8933696  -0.0622071456
    2     16.8622432   0.0000297680
    3      5.4825538   0.5588549221
    4      2.1056635   0.4977673218
     1         P     4
    1     77.8933696   0.0436843488
    2     16.8622432   0.2863793984
    3      5.4825538   0.5835753141
    4      2.1056635   0.2463134378
     1         S     4
    1      3.8734747  -0.0852901964
    2      1.0652203  -0.2132074034
    3      0.4192614   0.5920843928
    4      0.1865906   0.6115584746
     1         P     4
    1      3.8734747  -0.0250494518
    2      1.0652203   0.1686604461
    3      0.4192614   0.6409553151
    4      0.1865906   0.2779508957
****
-Cl  0
     1     S         4
    1   1408.2605760   0.0567524208
    2    257.6943351   0.2601413550
    3     71.5903081   0.5328461143
    4     23.7601797   0.2916254405
     1         S     4
    1     91.0525326  -0.0622071456
    2     19.7109196   0.0000297680
    3      6.4087664   0.5588549221
    4      2.4613905   0.4977673218
     1         P     4
    1     91.0525326   0.0436843488
    2     19.7109196   0.2863793984
    3      6.4087664   0.5835753141
    4      2.4613905   0.2463134378
     1         S     4
    1      4.0647289  -0.0852901964
    2      1.1178160  -0.2132074034
    3      0.4399626   0.5920843928
    4      0.1958036   0.6115584746
     1         P     4
    1      4.0647289  -0.0250494518
    2      1.1178160   0.1686604461
    3      0.4399626   0.6409553151
    4      0.1958036   0.2779508957
****
-Ar  0
     1     S         4
    1   1579.4518510   0.0567524208
    2    289.0202292   0.2601413550
    3     80.2929845   0.5328461143
    4     26.6485197   0.2916254405
     1         S     4
    1    105.5511955  -0.0622071456
    2     22.8495690   0.0000297680
    3      7.4292602   0.5588549221
    4      2.8533276   0.4977673218
     1         P     4
    1    105.5511955   0.0436843488
    2     22.8495690   0.2863793984
    3      7.4292602   0.5835753141
    4      2.8533276   0.2463134378
     1         S     4
    1      5.0038565  -0.0852901964
    2      1.3760796  -0.2132074034
    3      0.5416129   0.5920843928
    4      0.2410427   0.6115584746
     1         P     4
    1      5.0038565  -0.0250494518
    2      1.3760796   0.1686604461
    3      0.5416129   0.6409553151
    4      0.2410427   0.2779508957
****
-K   0
     1     S         4
    1   1806.7607230   0.0567524208
    2    330.6149522   0.2601413550
    3     91.8484540   0.5328461143
    4     30.4836762   0.2916254405
     1         S     4
    1    122.4663023  -0.0622071456
    2     26.5113267   0.0000297680
    3      8.6198363   0.5588549221
    4      3.3105877   0.4977673218
     1         P     4
    1    122.4663023   0.0436843488
    2     26.5113267   0.2863793984
    3      8.6198363   0.5835753141
    4      3.3105877   0.2463134378
     1         S     4
    1      6.9704110  -0.0852901964
    2      1.9168897  -0.2132074034
    3      0.7544710   0.5920843928
    4      0.3357743   0.6115584746
     1         P     4
    1      6.9704110  -0.0250494518
    2      1.9168897   0.1686604461
    3      0.7544710   0.6409553151
    4      0.3357743   0.2779508957
     1         S     4
    1      0.8976145  -0.0589355981
    2      0.3321838  -0.4289230261
    3      0.1428153   0.5472998468
    4      0.0709418   0.7853692030
     1         P     4
    1      0.8976145  -0.0718052266
    2      0.3321838   0.0372686343
    3      0.1428153   0.6965842249
    4      0.0709418   0.3310236850
****
-Ca  0
     1     S         4
    1   2000.0150770   0.0567524208
    2    365.9781180   0.2601413550
    3    101.6727287   0.5328461143
    4     33.7442646   0.2916254405
     1         S     4
    1    139.1955288  -0.0622071456
    2     30.1328453   0.0000297680
    3      9.7973292   0.5588549221
    4      3.7628228   0.4977673218
     1         P     4
    1    139.1955288   0.0436843488
    2     30.1328453   0.2863793984
    3      9.7973292   0.5835753141
    4      3.7628228   0.2463134378
     1         S     4
    1      8.3507598  -0.0852901964
    2      2.2964908  -0.2132074034
    3      0.9038787   0.5920843928
    4      0.4022676   0.6115584746
     1         P     4
    1      8.3507598  -0.0250494518
    2      2.2964908   0.1686604461
    3      0.9038787   0.6409553151
    4      0.4022676   0.2779508957
     1         S     4
    1      0.8118871  -0.0589355981
    2      0.3004583  -0.4289230261
    3      0.1291756   0.5472998468
    4      0.0641664   0.7853692030
     1         P     4
    1      0.8118871  -0.0718052266
    2      0.3004583   0.0372686343
    3      0.1291756   0.6965842249
    4      0.0641664   0.3310236850
****
-Sc  0
     1     S         4
    1   2205.2311340   0.0567524208
    2    403.5301281   0.2601413550
    3    112.1050883   0.5328461143
    4     37.2066710   0.2916254405
     1         S     4
    1    156.9954257  -0.0622071456
    2     33.9861410   0.0000297680
    3     11.0501815   0.5588549221
    4      4.2440011   0.4977673218
     1         P     4
    1    156.9954257   0.0436843488
    2     33.9861410   0.2863793984
    3     11.0501815   0.5835753141
    4      4.2440011   0.2463134378
     1         S     4
    1      8.9050037  -0.0888885878
    2      2.6662643  -0.2026189326
    3      1.0575498   0.5450886531
    4      0.4701550   0.6517016167
     1         P     4
    1      8.9050037  -0.0258036399
    2      2.6662643   0.1591409820
    3      1.0575498   0.6284124829
    4      0.4701550   0.3009838577
     1     D         4
    1      1.0457055   0.0692077243
    2      0.3130967   0.3728157695
    3      0.1241870   0.5664092659
    4      0.0552098   0.1585946537
     1         S     4
    1      1.1237191  -0.0589355981
    2      0.4158592  -0.4289230261
    3      0.1787898   0.5472998468
    4      0.0888116   0.7853692030
     1         P     4
    1      1.1237191  -0.0718052266
    2      0.4158592   0.0372686343
    3      0.1787898   0.6965842249
    4      0.0888116   0.3310236850
****
-Ti  0
     1     S         4
    1   2420.4677050   0.0567524208
    2    442.9157689   0.2601413550
    3    123.0468506   0.5328461143
    4     40.8381435   0.2916254405
     1         S     4
    1    175.8659932  -0.0622071456
    2     38.0712140   0.0000297680
    3     12.3783935   0.5588549221
    4      4.7541224   0.4977673218
     1         P     4
    1    175.8659932   0.0436843488
    2     38.0712140   0.2863793984
    3     12.3783935   0.5835753141
    4      4.7541224   0.2463134378
     1         S     4
    1     10.2268274  -0.0888885878
    2      3.0620340  -0.2026189326
    3      1.2145283   0.5450886531
    4      0.5399429   0.6517016167
     1         P     4
    1     10.2268274  -0.0258036399
    2      3.0620340   0.1591409820
    3      1.2145283   0.6284124829
    4      0.5399429   0.3009838577
     1     D         4
    1      3.1198322   0.0692077243
    2      0.9341150   0.3728157695
    3      0.3705083   0.5664092659
    4      0.1647169   0.1585946537
     1         S     4
    1      1.2685735  -0.0589355981
    2      0.4694660  -0.4289230261
    3      0.2018369   0.5472998468
    4      0.1002600   0.7853692030
     1         P     4
    1      1.2685735  -0.0718052266
    2      0.4694660   0.0372686343
    3      0.2018369   0.6965842249
    4      0.1002600   0.3310236850
****
-V   0
     1     S         4
    1   2648.0749810   0.0567524208
    2    484.5650961   0.2601413550
    3    134.6174897   0.5328461143
    4     44.6783347   0.2916254405
     1         S     4
    1    195.8072311  -0.0622071456
    2     42.3880641   0.0000297680
    3     13.7819649   0.5588549221
    4      5.2931867   0.4977673218
     1         P     4
    1    195.8072311   0.0436843488
    2     42.3880641   0.2863793984
    3     13.7819649   0.5835753141
    4      5.2931867   0.2463134378
     1         S     4
    1     11.6400854  -0.0888885878
    2      3.4851804  -0.2026189326
    3      1.3823655   0.5450886531
    4      0.6145583   0.6517016167
     1         P     4
    1     11.6400854  -0.0258036399
    2      3.4851804   0.1591409820
    3      1.3823655   0.6284124829
    4      0.6145583   0.3009838577
     1     D         4
    1      5.6195870   0.0692077243
    2      1.6825714   0.3728157695
    3      0.6673768   0.5664092659
    4      0.2966958   0.1585946537
     1         S     4
    1      1.2685735  -0.0589355981
    2      0.4694660  -0.4289230261
    3      0.2018369   0.5472998468
    4      0.1002600   0.7853692030
     1         P     4
    1      1.2685735  -0.0718052266
    2      0.4694660   0.0372686343
    3      0.2018369   0.6965842249
    4      0.1002600   0.3310236850
****
-Cr  0
     1     S         4
    1   2885.9083150   0.0567524208
    2    528.0856659   0.2601413550
    3    146.7079806   0.5328461143
    4     48.6910599   0.2916254405
     1         S     4
    1    216.8191395  -0.0622071456
    2     46.9366915   0.0000297680
    3     15.2608959   0.5588549221
    4      5.8611941   0.4977673218
     1         P     4
    1    216.8191395   0.0436843488
    2     46.9366915   0.2863793984
    3     15.2608959   0.5835753141
    4      5.8611941   0.2463134378
     1         S     4
    1     13.0774552  -0.0888885878
    2      3.9155460  -0.2026189326
    3      1.5530661   0.5450886531
    4      0.6904467   0.6517016167
     1         P     4
    1     13.0774552  -0.0258036399
    2      3.9155460   0.1591409820
    3      1.5530661   0.6284124829
    4      0.6904467   0.3009838577
     1     D         4
    1      8.0394015   0.0692077243
    2      2.4070927   0.3728157695
    3      0.9547517   0.5664092659
    4      0.4244540   0.1585946537
     1         S     4
    1      1.3442929  -0.0589355981
    2      0.4974878  -0.4289230261
    3      0.2138843   0.5472998468
    4      0.1062444   0.7853692030
     1         P     4
    1      1.3442929  -0.0718052266
    2      0.4974878   0.0372686343
    3      0.2138843   0.6965842249
    4      0.1062444   0.3310236850
****
-Mn  0
     1     S         4
    1   3131.4109320   0.0567524208
    2    573.0096202   0.2601413550
    3    159.1883470   0.5328461143
    4     52.8331813   0.2916254405
     1         S     4
    1    238.4307443  -0.0622071456
    2     51.6151402   0.0000297680
    3     16.7820368   0.5588549221
    4      6.4454129   0.4977673218
     1         P     4
    1    238.4307443   0.0436843488
    2     51.6151402   0.2863793984
    3     16.7820368   0.5835753141
    4      6.4454129   0.2463134378
     1         S     4
    1     14.5984815  -0.0888885878
    2      4.3709594  -0.2026189326
    3      1.7337018   0.5450886531
    4      0.7707519   0.6517016167
     1         P     4
    1     14.5984815  -0.0258036399
    2      4.3709594   0.1591409820
    3      1.7337018   0.6284124829
    4      0.7707519   0.3009838577
     1     D         4
    1     10.2863721   0.0692077243
    2      3.0798624   0.3728157695
    3      1.2215998   0.5664092659
    4      0.5430867   0.1585946537
     1         S     4
    1      1.1950489  -0.0589355981
    2      0.4422565  -0.4289230261
    3      0.1901388   0.5472998468
    4      0.0944491   0.7853692030
     1         P     4
    1      1.1950489  -0.0718052266
    2      0.4422565   0.0372686343
    3      0.1901388   0.6965842249
    4      0.0944491   0.3310236850
****
-Fe  0
     1     S         4
    1   3389.5930890   0.0567524208
    2    620.2537741   0.2601413550
    3    172.3132903   0.5328461143
    4     57.1892320   0.2916254405
     1         S     4
    1    261.5616881  -0.0622071456
    2     56.6224932   0.0000297680
    3     18.4101169   0.5588549221
    4      7.0707034   0.4977673218
     1         P     4
    1    261.5616881   0.0436843488
    2     56.6224932   0.2863793984
    3     18.4101169   0.5835753141
    4      7.0707034   0.2463134378
     1         S     4
    1     16.2031642  -0.0888885878
    2      4.8514205  -0.2026189326
    3      1.9242724   0.5450886531
    4      0.8554739   0.6517016167
     1         P     4
    1     16.2031642  -0.0258036399
    2      4.8514205   0.1591409820
    3      1.9242724   0.6284124829
    4      0.8554739   0.3009838577
     1     D         4
    1     12.1530861   0.0692077243
    2      3.6387789   0.3728157695
    3      1.4432889   0.5664092659
    4      0.6416431   0.1585946537
     1         S     4
    1      1.0545841  -0.0589355981
    2      0.3902741  -0.4289230261
    3      0.1677900   0.5472998468
    4      0.0833476   0.7853692030
     1         P     4
    1      1.0545841  -0.0718052266
    2      0.3902741   0.0372686343
    3      0.1677900   0.6965842249
    4      0.0833476   0.3310236850
****
-Co  0
     1     S         4
    1   3646.9582890   0.0567524208
    2    667.3484348   0.2601413550
    3    185.3967027   0.5328461143
    4     61.5314990   0.2916254405
     1         S     4
    1    284.7335255  -0.0622071456
    2     61.6386988   0.0000297680
    3     20.0410753   0.5588549221
    4      7.6970994   0.4977673218
     1         P     4
    1    284.7335255   0.0436843488
    2     61.6386988   0.2863793984
    3     20.0410753   0.5835753141
    4      7.6970994   0.2463134378
     1         S     4
    1     17.9702337  -0.0888885878
    2      5.3805022  -0.2026189326
    3      2.1341279   0.5450886531
    4      0.9487694   0.6517016167
     1         P     4
    1     17.9702337  -0.0258036399
    2      5.3805022   0.1591409820
    3      2.1341279   0.6284124829
    4      0.9487694   0.3009838577
     1     D         4
    1     14.5275291   0.0692077243
    2      4.3497154   0.3728157695
    3      1.7252755   0.5664092659
    4      0.7670059   0.1585946537
     1         S     4
    1      1.0545841  -0.0589355981
    2      0.3902741  -0.4289230261
    3      0.1677900   0.5472998468
    4      0.0833476   0.7853692030
     1         P     4
    1      1.0545841  -0.0718052266
    2      0.3902741   0.0372686343
    3      0.1677900   0.6965842249
    4      0.0833476   0.3310236850
****
-Ni  0
     1     S         4
    1   3933.7699680   0.0567524208
    2    719.8314384   0.2601413550
    3    199.9770558   0.5328461143
    4     66.3705871   0.2916254405
     1         S     4
    1    310.4981607  -0.0622071456
    2     67.2161895   0.0000297680
    3     21.8545287   0.5588549221
    4      8.3935855   0.4977673218
     1         P     4
    1    310.4981607   0.0436843488
    2     67.2161895   0.2863793984
    3     21.8545287   0.5835753141
    4      8.3935855   0.2463134378
     1         S     4
    1     19.5811388  -0.0888885878
    2      5.8628264  -0.2026189326
    3      2.3254374   0.5450886531
    4      1.0338199   0.6517016167
     1         P     4
    1     19.5811388  -0.0258036399
    2      5.8628264   0.1591409820
    3      2.3254374   0.6284124829
    4      1.0338199   0.3009838577
     1     D         4
    1     16.3531927   0.0692077243
    2      4.8963409   0.3728157695
    3      1.9420896   0.5664092659
    4      0.8633949   0.1585946537
     1         S     4
    1      1.1237191  -0.0589355981
    2      0.4158592  -0.4289230261
    3      0.1787898   0.5472998468
    4      0.0888116   0.7853692030
     1         P     4
    1      1.1237191  -0.0718052266
    2      0.4158592   0.0372686343
    3      0.1787898   0.6965842249
    4      0.0888116   0.3310236850
****
-Cu  0
     1     S         4
    1   4219.5591450   0.0567524208
    2    772.1273368   0.2601413550
    3    214.5054290   0.5328461143
    4     71.1924235   0.2916254405
     1         S     4
    1    336.8188103  -0.0622071456
    2     72.9140454   0.0000297680
    3     23.7071175   0.5588549221
    4      9.1051022   0.4977673218
     1         P     4
    1    336.8188103   0.0436843488
    2     72.9140454   0.2863793984
    3     23.7071175   0.5835753141
    4      9.1051022   0.2463134378
     1         S     4
    1     21.4329882  -0.0888885878
    2      6.4172922  -0.2026189326
    3      2.5453613   0.5450886531
    4      1.1315915   0.6517016167
     1         P     4
    1     21.4329882  -0.0258036399
    2      6.4172922   0.1591409820
    3      2.5453613   0.6284124829
    4      1.1315915   0.3009838577
     1     D         4
    1     18.2868837   0.0692077243
    2      5.4753110   0.3728157695
    3      2.1717329   0.5664092659
    4      0.9654875   0.1585946537
     1         S     4
    1      1.1237191  -0.0589355981
    2      0.4158592  -0.4289230261
    3      0.1787898   0.5472998468
    4      0.0888116   0.7853692030
     1         P     4
    1      1.1237191  -0.0718052266
    2      0.4158592   0.0372686343
    3      0.1787898   0.6965842249
    4      0.0888116   0.3310236850
****
-Zn  0
     1     S         4
    1   4518.4389500   0.0567524208
    2    826.8186588   0.2601413550
    3    229.6992771   0.5328461143
    4     76.2351252   0.2916254405
     1         S     4
    1    364.2101305  -0.0622071456
    2     78.8436784   0.0000297680
    3     25.6350657   0.5588549221
    4      9.8455619   0.4977673218
     1         P     4
    1    364.2101305   0.0436843488
    2     78.8436784   0.2863793984
    3     25.6350657   0.5835753141
    4      9.8455619   0.2463134378
     1         S     4
    1     23.2787017  -0.0888885878
    2      6.9699208  -0.2026189326
    3      2.7645565   0.5450886531
    4      1.2290391   0.6517016167
     1         P     4
    1     23.2787017  -0.0258036399
    2      6.9699208   0.1591409820
    3      2.7645565   0.6284124829
    4      1.2290391   0.3009838577
     1     D         4
    1     20.7499091   0.0692077243
    2      6.2127702   0.3728157695
    3      2.4642395   0.5664092659
    4      1.0955271   0.1585946537
     1         S     4
    1      1.5846195  -0.0589355981
    2      0.5864264  -0.4289230261
    3      0.2521215   0.5472998468
    4      0.1252383   0.7853692030
     1         P     4
    1      1.5846195  -0.0718052266
    2      0.5864264   0.0372686343
    3      0.2521215   0.6965842249
    4      0.1252383   0.3310236850
****
-Ga  0
     1     S         4
    1   4827.5448140   0.0567524208
    2    883.3812236   0.2601413550
    3    245.4129770   0.5328461143
    4     81.4503609   0.2916254405
     1         S     4
    1    392.0682425  -0.0622071456
    2     84.8743619   0.0000297680
    3     27.5958693   0.5588549221
    4     10.5986403   0.4977673218
     1         P     4
    1    392.0682425   0.0436843488
    2     84.8743619   0.2863793984
    3     27.5958693   0.5835753141
    4     10.5986403   0.2463134378
     1         S     4
    1     23.9108782  -0.0888885878
    2      7.1592020  -0.2026189326
    3      2.8396332   0.5450886531
    4      1.2624159   0.6517016167
     1         P     4
    1     23.9108782  -0.0258036399
    2      7.1592020   0.1591409820
    3      2.8396332   0.6284124829
    4      1.2624159   0.3009838577
     1     D         4
    1     23.9108782   0.0692077243
    2      7.1592020   0.3728157695
    3      2.8396332   0.5664092659
    4      1.2624159   0.1585946537
     1         S     4
    1      1.4222070  -0.0589355981
    2      0.5263218  -0.4289230261
    3      0.2262808   0.5472998468
    4      0.1124022   0.7853692030
     1         P     4
    1      1.4222070  -0.0718052266
    2      0.5263218   0.0372686343
    3      0.2262808   0.6965842249
    4      0.1124022   0.3310236850
****
-Ge  0
     1     S         4
    1   5143.6000370   0.0567524208
    2    941.2154354   0.2601413550
    3    261.4799543   0.5328461143
    4     86.7828462   0.2916254405
     1         S     4
    1    421.5785979  -0.0622071456
    2     91.2627207   0.0000297680
    3     29.6729667   0.5588549221
    4     11.3963832   0.4977673218
     1         P     4
    1    421.5785979   0.0436843488
    2     91.2627207   0.2863793984
    3     29.6729667   0.5835753141
    4     11.3963832   0.2463134378
     1         S     4
    1     26.9086827  -0.0888885878
    2      8.0567804  -0.2026189326
    3      3.1956496   0.5450886531
    4      1.4206902   0.6517016167
     1         P     4
    1     26.9086827  -0.0258036399
    2      8.0567804   0.1591409820
    3      3.1956496   0.6284124829
    4      1.4206902   0.3009838577
     1     D         4
    1     26.9086827   0.0692077243
    2      8.0567804   0.3728157695
    3      3.1956496   0.5664092659
    4      1.4206902   0.1585946537
     1         S     4
    1      1.7558111  -0.0589355981
    2      0.6497800  -0.4289230261
    3      0.2793591   0.5472998468
    4      0.1387682   0.7853692030
     1         P     4
    1      1.7558111  -0.0718052266
    2      0.6497800   0.0372686343
    3      0.2793591   0.6965842249
    4      0.1387682   0.3310236850
****
-As  0
     1     S         4
    1   5473.0547240   0.0567524208
    2   1001.5015840   0.2601413550
    3    278.2281066   0.5328461143
    4     92.3414074   0.2916254405
     1         S     4
    1    451.5115987  -0.0622071456
    2     97.7425731   0.0000297680
    3     31.7798121   0.5588549221
    4     12.2055512   0.4977673218
     1         P     4
    1    451.5115987   0.0436843488
    2     97.7425731   0.2863793984
    3     31.7798121   0.5835753141
    4     12.2055512   0.2463134378
     1         S     4
    1     30.0834793  -0.0888885878
    2      9.0073524  -0.2026189326
    3      3.5726854   0.5450886531
    4      1.5883090   0.6517016167
     1         P     4
    1     30.0834793  -0.0258036399
    2      9.0073524   0.1591409820
    3      3.5726854   0.6284124829
    4      1.5883090   0.3009838577
     1     D         4
    1     30.0834793   0.0692077243
    2      9.0073524   0.3728157695
    3      3.5726854   0.5664092659
    4      1.5883090   0.1585946537
     1         S     4
    1      1.9728294  -0.0589355981
    2      0.7300928  -0.4289230261
    3      0.3138878   0.5472998468
    4      0.1559199   0.7853692030
     1         P     4
    1      1.9728294  -0.0718052266
    2      0.7300928   0.0372686343
    3      0.3138878   0.6965842249
    4      0.1559199   0.3310236850
****
-Se  0
     1     S         4
    1   5809.2532270   0.0567524208
    2   1063.0217680   0.2601413550
    3    295.3190873   0.5328461143
    4     98.0137503   0.2916254405
     1         S     4
    1    481.8017220  -0.0622071456
    2    104.2997349   0.0000297680
    3     33.9117937   0.5588549221
    4     13.0243733   0.4977673218
     1         P     4
    1    481.8017220   0.0436843488
    2    104.2997349   0.2863793984
    3     33.9117937   0.5835753141
    4     13.0243733   0.2463134378
     1         S     4
    1     33.4352680  -0.0888885878
    2     10.0109179  -0.2026189326
    3      3.9707406   0.5450886531
    4      1.7652725   0.6517016167
     1         P     4
    1     33.4352680  -0.0258036399
    2     10.0109179   0.1591409820
    3      3.9707406   0.6284124829
    4      1.7652725   0.3009838577
     1     D         4
    1     33.4352680   0.0692077243
    2     10.0109179   0.3728157695
    3      3.9707406   0.5664092659
    4      1.7652725   0.1585946537
     1         S     4
    1      2.1633349  -0.0589355981
    2      0.8005939  -0.4289230261
    3      0.3441983   0.5472998468
    4      0.1709763   0.7853692030
     1         P     4
    1      2.1633349  -0.0718052266
    2      0.8005939   0.0372686343
    3      0.3441983   0.6965842249
    4      0.1709763   0.3310236850
****
-Br  0
     1     S         4
    1   6159.0567390   0.0567524208
    2   1127.0315010   0.2601413550
    3    313.1016920   0.5328461143
    4    103.9156369   0.2916254405
     1         S     4
    1    513.7659298  -0.0622071456
    2    111.2193000   0.0000297680
    3     36.1616064   0.5588549221
    4     13.8884502   0.4977673218
     1         P     4
    1    513.7659298   0.0436843488
    2    111.2193000   0.2863793984
    3     36.1616064   0.5835753141
    4     13.8884502   0.2463134378
     1         S     4
    1     36.9640489  -0.0888885878
    2     11.0674769  -0.2026189326
    3      4.3898153   0.5450886531
    4      1.9515805   0.6517016167
     1         P     4
    1     36.9640489  -0.0258036399
    2     11.0674769   0.1591409820
    3      4.3898153   0.6284124829
    4      1.9515805   0.3009838577
     1     D         4
    1     36.9640489   0.0692077243
    2     11.0674769   0.3728157695
    3      4.3898153   0.5664092659
    4      1.9515805   0.1585946537
     1         S     4
    1      2.4864041  -0.0589355981
    2      0.9201534  -0.4289230261
    3      0.3956004   0.5472998468
    4      0.1965096   0.7853692030
     1         P     4
    1      2.4864041  -0.0718052266
    2      0.9201534   0.0372686343
    3      0.3956004   0.6965842249
    4      0.1965096   0.3310236850
****
-Kr  0
     1     S         4
    1   6515.3985210   0.0567524208
    2   1192.2376570   0.2601413550
    3    331.2166762   0.5328461143
    4    109.9278373   0.2916254405
     1         S     4
    1    546.7566614  -0.0622071456
    2    118.3610855   0.0000297680
    3     38.4836713   0.5588549221
    4     14.7802769   0.4977673218
     1         P     4
    1    546.7566614   0.0436843488
    2    118.3610855   0.2863793984
    3     38.4836713   0.5835753141
    4     14.7802769   0.2463134378
     1         S     4
    1     40.6698219  -0.0888885878
    2     12.1770296  -0.2026189326
    3      4.8299094   0.5450886531
    4      2.1472332   0.6517016167
     1         P     4
    1     40.6698219  -0.0258036399
    2     12.1770296   0.1591409820
    3      4.8299094   0.6284124829
    4      2.1472332   0.3009838577
     1     D         4
    1     40.6698219   0.0692077243
    2     12.1770296   0.3728157695
    3      4.8299094   0.5664092659
    4      2.1472332   0.1585946537
     1         S     4
    1      2.8319477  -0.0589355981
    2      1.0480301  -0.4289230261
    3      0.4505782   0.5472998468
    4      0.2238192   0.7853692030
     1         P     4
    1      2.8319477  -0.0718052266
    2      1.0480301   0.0372686343
    3      0.4505782   0.6965842249
    4      0.2238192   0.3310236850
****
-Rb  0
     1     S         4
    1   6881.7608190   0.0567524208
    2   1259.2774440   0.2601413550
    3    349.8410630   0.5328461143
    4    116.1091038   0.2916254405
     1         S     4
    1    580.7739169  -0.0622071456
    2    125.7250914   0.0000297680
    3     40.8779885   0.5588549221
    4     15.6998531   0.4977673218
     1         P     4
    1    580.7739169   0.0436843488
    2    125.7250914   0.2863793984
    3     40.8779885   0.5835753141
    4     15.6998531   0.2463134378
     1         S     4
    1     44.5525871  -0.0888885878
    2     13.3395758  -0.2026189326
    3      5.2910229   0.5450886531
    4      2.3522304   0.6517016167
     1         P     4
    1     44.5525871  -0.0258036399
    2     13.3395758   0.1591409820
    3      5.2910229   0.6284124829
    4      2.3522304   0.3009838577
     1     D         4
    1     44.5525871   0.0692077243
    2     13.3395758   0.3728157695
    3      5.2910229   0.5664092659
    4      2.3522304   0.1585946537
     1         S     4
    1      4.0034249  -0.0589355981
    2      1.4815633  -0.4289230261
    3      0.6369666   0.5472998468
    4      0.3164053   0.7853692030
     1         P     4
    1      4.0034249  -0.0718052266
    2      1.4815633   0.0372686343
    3      0.6369666   0.6965842249
    4      0.3164053   0.3310236850
     1         S     4
    1      0.9305523   0.0404511120
    2      0.4294599  -0.6576691017
    3      0.1902750   0.3792524265
    4      0.1036199   1.0385897340
     1         P     4
    1      0.9305523  -0.0858614965
    2      0.4294599  -0.1090154130
    3      0.1902750   0.7234042095
    4      0.1036199   0.4117428940
****
-Sr  0
     1     S         4
    1   7262.0359190   0.0567524208
    2   1328.8631020   0.2601413550
    3    369.1727208   0.5328461143
    4    122.5251073   0.2916254405
     1         S     4
    1    615.8176964  -0.0622071456
    2    133.3113178   0.0000297680
    3     43.3445580   0.5588549221
    4     16.6471791   0.4977673218
     1         P     4
    1    615.8176964   0.0436843488
    2    133.3113178   0.2863793984
    3     43.3445580   0.5835753141
    4     16.6471791   0.2463134378
     1         S     4
    1     48.4827979  -0.0888885878
    2     14.5163277  -0.2026189326
    3      5.7577710   0.5450886531
    4      2.5597327   0.6517016167
     1         P     4
    1     48.4827979  -0.0258036399
    2     14.5163277   0.1591409820
    3      5.7577710   0.6284124829
    4      2.5597327   0.3009838577
     1     D         4
    1     48.4827979   0.0692077243
    2     14.5163277   0.3728157695
    3      5.7577710   0.5664092659
    4      2.5597327   0.1585946537
     1         S     4
    1      4.3832069  -0.0589355981
    2      1.6221107  -0.4289230261
    3      0.6973919   0.5472998468
    4      0.3464209   0.7853692030
     1         P     4
    1      4.3832069  -0.0718052266
    2      1.6221107   0.0372686343
    3      0.6973919   0.6965842249
    4      0.3464209   0.3310236850
     1         S     4
    1      0.8351772   0.0404511120
    2      0.3854432  -0.6576691017
    3      0.1707732   0.3792524265
    4      0.0929995   1.0385897340
     1         P     4
    1      0.8351772  -0.0858614965
    2      0.3854432  -0.1090154130
    3      0.1707732   0.7234042095
    4      0.0929995   0.4117428940
****
-Y   0
     1     S         4
    1   7648.5414970   0.0567524208
    2   1399.5888610   0.2601413550
    3    388.8211111   0.5328461143
    4    129.0462314   0.2916254405
     1         S     4
    1    649.5549698  -0.0622071456
    2    140.6147136   0.0000297680
    3     45.7191686   0.5588549221
    4     17.5591867   0.4977673218
     1         P     4
    1    649.5549698   0.0436843488
    2    140.6147136   0.2863793984
    3     45.7191686   0.5835753141
    4     17.5591867   0.2463134378
     1         S     4
    1     54.8959976  -0.0888885878
    2     16.4365162  -0.2026189326
    3      6.5193965   0.5450886531
    4      2.8983286   0.6517016167
     1         P     4
    1     54.8959976  -0.0258036399
    2     16.4365162   0.1591409820
    3      6.5193965   0.6284124829
    4      2.8983286   0.3009838577
     1     D         4
    1     54.8959976   0.0692077243
    2     16.4365162   0.3728157695
    3      6.5193965   0.5664092659
    4      2.8983286   0.1585946537
     1         S     4
    1      4.8754488  -0.0584687890
    2      1.7404358  -0.4398036149
    3      0.7753819   0.5319219322
    4      0.3800861   0.8107467607
     1         P     4
    1      4.8754488  -0.0674663404
    2      1.7404358   0.0207792791
    3      0.7753819   0.6884538916
    4      0.3800861   0.3514817260
     1     D         4
    1      0.8828337   0.0038699422
    2      0.3151536   0.2976123998
    3      0.1404041   0.6203734570
    4      0.0688250   0.1735534933
     1         S     4
    1      0.8351772   0.0404511120
    2      0.3854432  -0.6576691017
    3      0.1707732   0.3792524265
    4      0.0929995   1.0385897340
     1         P     4
    1      0.8351772  -0.0858614965
    2      0.3854432  -0.1090154130
    3      0.1707732   0.7234042095
    4      0.0929995   0.4117428940
****
-Zr  0
     1     S         4
    1   8045.0675900   0.0567524208
    2   1472.1482500   0.2601413550
    3    408.9789041   0.5328461143
    4    135.7364217   0.2916254405
     1         S     4
    1    686.5862743  -0.0622071456
    2    148.6311964   0.0000297680
    3     48.3256307   0.5588549221
    4     18.5602407   0.4977673218
     1         P     4
    1    686.5862743   0.0436843488
    2    148.6311964   0.2863793984
    3     48.3256307   0.5835753141
    4     18.5602407   0.2463134378
     1         S     4
    1     58.2519346  -0.0888885878
    2     17.4413237  -0.2026189326
    3      6.9179443   0.5450886531
    4      3.0755110   0.6517016167
     1         P     4
    1     58.2519346  -0.0258036399
    2     17.4413237   0.1591409820
    3      6.9179443   0.6284124829
    4      3.0755110   0.3009838577
     1     D         4
    1     58.2519346   0.0692077243
    2     17.4413237   0.3728157695
    3      6.9179443   0.5664092659
    4      3.0755110   0.1585946537
     1         S     4
    1      5.4548309  -0.0584687890
    2      1.9472634  -0.4398036149
    3      0.8675257   0.5319219322
    4      0.4252543   0.8107467607
     1         P     4
    1      5.4548309  -0.0674663404
    2      1.9472634   0.0207792791
    3      0.8675257   0.6884538916
    4      0.4252543   0.3514817260
     1     D         4
    1      1.7127423   0.0038699422
    2      0.6114141   0.2976123998
    3      0.2723912   0.6203734570
    4      0.1335240   0.1735534933
     1         S     4
    1      0.9305523   0.0404511120
    2      0.4294599  -0.6576691017
    3      0.1902750   0.3792524265
    4      0.1036199   1.0385897340
     1         P     4
    1      0.9305523  -0.0858614965
    2      0.4294599  -0.1090154130
    3      0.1902750   0.7234042095
    4      0.1036199   0.4117428940
****
-Nb  0
     1     S         4
    1   8455.8142790   0.0567524208
    2   1547.3098340   0.2601413550
    3    429.8596150   0.5328461143
    4    142.6665419   0.2916254405
     1         S     4
    1    724.6441027  -0.0622071456
    2    156.8698997   0.0000297680
    3     51.0043452   0.5588549221
    4     19.5890443   0.4977673218
     1         P     4
    1    724.6441027   0.0436843488
    2    156.8698997   0.2863793984
    3     51.0043452   0.5835753141
    4     19.5890443   0.2463134378
     1         S     4
    1     62.5868594  -0.0888885878
    2     18.7392519  -0.2026189326
    3      7.4327559   0.5450886531
    4      3.3043808   0.6517016167
     1         P     4
    1     62.5868594  -0.0258036399
    2     18.7392519   0.1591409820
    3      7.4327559   0.6284124829
    4      3.3043808   0.3009838577
     1     D         4
    1     62.5868594   0.0692077243
    2     18.7392519   0.3728157695
    3      7.4327559   0.5664092659
    4      3.3043808   0.1585946537
     1         S     4
    1      6.0667338  -0.0584687890
    2      2.1657003  -0.4398036149
    3      0.9648416   0.5319219322
    4      0.4729577   0.8107467607
     1         P     4
    1      6.0667338  -0.0674663404
    2      2.1657003   0.0207792791
    3      0.9648416   0.6884538916
    4      0.4729577   0.3514817260
     1     D         4
    1      2.5944499   0.0038699422
    2      0.9261657   0.2976123998
    3      0.4126163   0.6203734570
    4      0.2022613   0.1735534933
     1         S     4
    1      0.9305523   0.0404511120
    2      0.4294599  -0.6576691017
    3      0.1902750   0.3792524265
    4      0.1036199   1.0385897340
     1         P     4
    1      0.9305523  -0.0858614965
    2      0.4294599  -0.1090154130
    3      0.1902750   0.7234042095
    4      0.1036199   0.4117428940
****
-Mo  0
     1     S         4
    1   8872.4836520   0.0567524208
    2   1623.5551960   0.2601413550
    3    451.0414114   0.5328461143
    4    149.6965897   0.2916254405
     1         S     4
    1    762.8861850  -0.0622071456
    2    165.1484899   0.0000297680
    3     53.6960284   0.5588549221
    4     20.6228288   0.4977673218
     1         P     4
    1    762.8861850   0.0436843488
    2    165.1484899   0.2863793984
    3     53.6960284   0.5835753141
    4     20.6228288   0.2463134378
     1         S     4
    1     67.2297056  -0.0888885878
    2     20.1293754  -0.2026189326
    3      7.9841359   0.5450886531
    4      3.5495079   0.6517016167
     1         P     4
    1     67.2297056  -0.0258036399
    2     20.1293754   0.1591409820
    3      7.9841359   0.6284124829
    4      3.5495079   0.3009838577
     1     D         4
    1     67.2297056   0.0692077243
    2     20.1293754   0.3728157695
    3      7.9841359   0.5664092659
    4      3.5495079   0.1585946537
     1         S     4
    1      6.7459751  -0.0584687890
    2      2.4081756  -0.4398036149
    3      1.0728668   0.5319219322
    4      0.5259109   0.8107467607
     1         P     4
    1      6.7459751  -0.0674663404
    2      2.4081756   0.0207792791
    3      1.0728668   0.6884538916
    4      0.5259109   0.3514817260
     1     D         4
    1      3.2836007   0.0038699422
    2      1.1721785   0.2976123998
    3      0.5222175   0.6203734570
    4      0.2559869   0.1735534933
     1         S     4
    1      0.9801732   0.0404511120
    2      0.4523604  -0.6576691017
    3      0.2004213   0.3792524265
    4      0.1091453   1.0385897340
     1         P     4
    1      0.9801732  -0.0858614965
    2      0.4523604  -0.1090154130
    3      0.2004213   0.7234042095
    4      0.1091453   0.4117428940
****
-Tc  0
     1     S         4
    1   9299.1735400   0.0567524208
    2   1701.6341880   0.2601413550
    3    472.7326105   0.5328461143
    4    156.8957037   0.2916254405
     1         S     4
    1    802.9752204  -0.0622071456
    2    173.8269059   0.0000297680
    3     56.5177101   0.5588549221
    4     21.7065414   0.4977673218
     1         P     4
    1    802.9752204   0.0436843488
    2    173.8269059   0.2863793984
    3     56.5177101   0.5835753141
    4     21.7065414   0.2463134378
     1         S     4
    1     72.1965477  -0.0888885878
    2     21.6165071  -0.2026189326
    3      8.5739933   0.5450886531
    4      3.8117409   0.6517016167
     1         P     4
    1     72.1965477  -0.0258036399
    2     21.6165071   0.1591409820
    3      8.5739933   0.6284124829
    4      3.8117409   0.3009838577
     1     D         4
    1     72.1965477   0.0692077243
    2     21.6165071   0.3728157695
    3      8.5739933   0.5664092659
    4      3.8117409   0.1585946537
     1         S     4
    1      7.3881015  -0.0584687890
    2      2.6374016  -0.4398036149
    3      1.1749893   0.5319219322
    4      0.5759705   0.8107467607
     1         P     4
    1      7.3881015  -0.0674663404
    2      2.6374016   0.0207792791
    3      1.1749893   0.6884538916
    4      0.5759705   0.3514817260
     1     D         4
    1      4.0538280   0.0038699422
    2      1.4471339   0.2976123998
    3      0.6447129   0.6203734570
    4      0.3160332   0.1735534933
     1         S     4
    1      0.8822203   0.0404511120
    2      0.4071541  -0.6576691017
    3      0.1803923   0.3792524265
    4      0.0982379   1.0385897340
     1         P     4
    1      0.8822203  -0.0858614965
    2      0.4071541  -0.1090154130
    3      0.1803923   0.7234042095
    4      0.0982379   0.4117428940
****
-Ru  0
     1     S         4
    1   9740.3918180   0.0567524208
    2   1782.3716970   0.2601413550
    3    495.1623745   0.5328461143
    4    164.3399407   0.2916254405
     1         S     4
    1    843.2052924  -0.0622071456
    2    182.5358533   0.0000297680
    3     59.3493187   0.5588549221
    4     22.7940665   0.4977673218
     1         P     4
    1    843.2052924   0.0436843488
    2    182.5358533   0.2863793984
    3     59.3493187   0.5835753141
    4     22.7940665   0.2463134378
     1         S     4
    1     77.1769580  -0.0888885878
    2     23.1077014  -0.2026189326
    3      9.1654621   0.5450886531
    4      4.0746902   0.6517016167
     1         P     4
    1     77.1769580  -0.0258036399
    2     23.1077014   0.1591409820
    3      9.1654621   0.6284124829
    4      4.0746902   0.3009838577
     1     D         4
    1     77.1769580   0.0692077243
    2     23.1077014   0.3728157695
    3      9.1654621   0.5664092659
    4      4.0746902   0.1585946537
     1         S     4
    1      8.0975664  -0.0584687890
    2      2.8906661  -0.4398036149
    3      1.2878212   0.5319219322
    4      0.6312799   0.8107467607
     1         P     4
    1      8.0975664  -0.0674663404
    2      2.8906661   0.0207792791
    3      1.2878212   0.6884538916
    4      0.6312799   0.3514817260
     1     D         4
    1      4.6123554   0.0038699422
    2      1.6465168   0.2976123998
    3      0.7335400   0.6203734570
    4      0.3595756   0.1735534933
     1         S     4
    1      0.7894229   0.0404511120
    2      0.3643271  -0.6576691017
    3      0.1614175   0.3792524265
    4      0.0879047   1.0385897340
     1         P     4
    1      0.7894229  -0.0858614965
    2      0.3643271  -0.1090154130
    3      0.1614175   0.7234042095
    4      0.0879047   0.4117428940
****
-Rh  0
     1     S         4
    1  10187.2249900   0.0567524208
    2   1864.1366620   0.2601413550
    3    517.8775770   0.5328461143
    4    171.8789122   0.2916254405
     1         S     4
    1    884.4186712  -0.0622071456
    2    191.4576655   0.0000297680
    3     62.2501377   0.5588549221
    4     23.9081730   0.4977673218
     1         P     4
    1    884.4186712   0.0436843488
    2    191.4576655   0.2863793984
    3     62.2501377   0.5835753141
    4     23.9081730   0.2463134378
     1         S     4
    1     82.4922533  -0.0888885878
    2     24.6991642  -0.2026189326
    3      9.7967015   0.5450886531
    4      4.3553203   0.6517016167
     1         P     4
    1     82.4922533  -0.0258036399
    2     24.6991642   0.1591409820
    3      9.7967015   0.6284124829
    4      4.3553203   0.3009838577
     1     D         4
    1     82.4922533   0.0692077243
    2     24.6991642   0.3728157695
    3      9.7967015   0.5664092659
    4      4.3553203   0.1585946537
     1         S     4
    1      8.7599169  -0.0584687890
    2      3.1271117  -0.4398036149
    3      1.3931602   0.5319219322
    4      0.6829162   0.8107467607
     1         P     4
    1      8.7599169  -0.0674663404
    2      3.1271117   0.0207792791
    3      1.3931602   0.6884538916
    4      0.6829162   0.3514817260
     1     D         4
    1      5.3611875   0.0038699422
    2      1.9138346   0.2976123998
    3      0.8526329   0.6203734570
    4      0.4179539   0.1735534933
     1         S     4
    1      0.7894229   0.0404511120
    2      0.3643271  -0.6576691017
    3      0.1614175   0.3792524265
    4      0.0879047   1.0385897340
     1         P     4
    1      0.7894229  -0.0858614965
    2      0.3643271  -0.1090154130
    3      0.1614175   0.7234042095
    4      0.0879047   0.4117428940
****
-Pd  0
     1     S         4
    1  10644.0786700   0.0567524208
    2   1947.7352570   0.2601413550
    3    541.1021822   0.5328461143
    4    179.5869499   0.2916254405
     1         S     4
    1    926.6153567  -0.0622071456
    2    200.5923425   0.0000297680
    3     65.2201671   0.5588549221
    4     25.0488609   0.4977673218
     1         P     4
    1    926.6153567   0.0436843488
    2    200.5923425   0.2863793984
    3     65.2201671   0.5835753141
    4     25.0488609   0.2463134378
     1         S     4
    1     87.9845408  -0.0888885878
    2     26.3436205  -0.2026189326
    3     10.4489604   0.5450886531
    4      4.6452951   0.6517016167
     1         P     4
    1     87.9845408  -0.0258036399
    2     26.3436205   0.1591409820
    3     10.4489604   0.6284124829
    4      4.6452951   0.3009838577
     1     D         4
    1     87.9845408   0.0692077243
    2     26.3436205   0.3728157695
    3     10.4489604   0.5664092659
    4      4.6452951   0.1585946537
     1         S     4
    1      9.4896059  -0.0584687890
    2      3.3875958  -0.4398036149
    3      1.5092085   0.5319219322
    4      0.7398021   0.8107467607
     1         P     4
    1      9.4896059  -0.0674663404
    2      3.3875958   0.0207792791
    3      1.5092085   0.6884538916
    4      0.7398021   0.3514817260
     1     D         4
    1      5.8375123   0.0038699422
    2      2.0838729   0.2976123998
    3      0.9283866   0.6203734570
    4      0.4550878   0.1735534933
     1         S     4
    1      0.8351772   0.0404511120
    2      0.3854432  -0.6576691017
    3      0.1707732   0.3792524265
    4      0.0929995   1.0385897340
     1         P     4
    1      0.8351772  -0.0858614965
    2      0.3854432  -0.1090154130
    3      0.1707732   0.7234042095
    4      0.0929995   0.4117428940
****
-Ag  0
     1     S         4
    1  11110.9528700   0.0567524208
    2   2033.1674830   0.2601413550
    3    564.8361901   0.5328461143
    4    187.4640538   0.2916254405
     1         S     4
    1    969.7953490  -0.0622071456
    2    209.9398843   0.0000297680
    3     68.2594070   0.5588549221
    4     26.2161301   0.4977673218
     1         P     4
    1    969.7953490   0.0436843488
    2    209.9398843   0.2863793984
    3     68.2594070   0.5835753141
    4     26.2161301   0.2463134378
     1         S     4
    1     93.6538204  -0.0888885878
    2     28.0410704  -0.2026189326
    3     11.1222386   0.5450886531
    4      4.9446145   0.6517016167
     1         P     4
    1     93.6538204  -0.0258036399
    2     28.0410704   0.1591409820
    3     11.1222386   0.6284124829
    4      4.9446145   0.3009838577
     1     D         4
    1     93.6538204   0.0692077243
    2     28.0410704   0.3728157695
    3     11.1222386   0.5664092659
    4      4.9446145   0.1585946537
     1         S     4
    1     10.2055570  -0.0584687890
    2      3.6431758  -0.4398036149
    3      1.6230720   0.5319219322
    4      0.7956171   0.8107467607
     1         P     4
    1     10.2055570  -0.0674663404
    2      3.6431758   0.0207792791
    3      1.6230720   0.6884538916
    4      0.7956171   0.3514817260
     1     D         4
    1      6.3341062   0.0038699422
    2      2.2611468   0.2976123998
    3      1.0073640   0.6203734570
    4      0.4938019   0.1735534933
     1         S     4
    1      0.8351772   0.0404511120
    2      0.3854432  -0.6576691017
    3      0.1707732   0.3792524265
    4      0.0929995   1.0385897340
     1         P     4
    1      0.8351772  -0.0858614965
    2      0.3854432  -0.1090154130
    3      0.1707732   0.7234042095
    4      0.0929995   0.4117428940
****
-Cd  0
     1     S         4
    1  11592.7655000   0.0567524208
    2   2121.3332590   0.2601413550
    3    589.3296080   0.5328461143
    4    195.5931990   0.2916254405
     1         S     4
    1   1012.9881210  -0.0622071456
    2    219.2901926   0.0000297680
    3     71.2995463   0.5588549221
    4     27.3837448   0.4977673218
     1         P     4
    1   1012.9881210   0.0436843488
    2    219.2901926   0.2863793984
    3     71.2995463   0.5835753141
    4     27.3837448   0.2463134378
     1         S     4
    1     99.6856401  -0.0888885878
    2     29.8470692  -0.2026189326
    3     11.8385718   0.5450886531
    4      5.2630748   0.6517016167
     1         P     4
    1     99.6856401  -0.0258036399
    2     29.8470692   0.1591409820
    3     11.8385718   0.6284124829
    4      5.2630748   0.3009838577
     1     D         4
    1     99.6856401   0.0692077243
    2     29.8470692   0.3728157695
    3     11.8385718   0.5664092659
    4      5.2630748   0.1585946537
     1         S     4
    1     10.9475426  -0.0584687890
    2      3.9080495  -0.4398036149
    3      1.7410759   0.5319219322
    4      0.8534617   0.8107467607
     1         P     4
    1     10.9475426  -0.0674663404
    2      3.9080495   0.0207792791
    3      1.7410759   0.6884538916
    4      0.8534617   0.3514817260
     1     D         4
    1      7.0277612   0.0038699422
    2      2.5087675   0.2976123998
    3      1.1176815   0.6203734570
    4      0.5478787   0.1735534933
     1         S     4
    1      1.1367689   0.0404511120
    2      0.5246310  -0.6576691017
    3      0.2324412   0.3792524265
    4      0.1265827   1.0385897340
     1         P     4
    1      1.1367689  -0.0858614965
    2      0.5246310  -0.1090154130
    3      0.2324412   0.7234042095
    4      0.1265827   0.4117428940
****
-In  0
     1     S         4
    1  12079.7829800   0.0567524208
    2   2210.4514570   0.2601413550
    3    614.0876193   0.5328461143
    4    203.8101604   0.2916254405
     1         S     4
    1   1057.1219110  -0.0622071456
    2    228.8442113   0.0000297680
    3     74.4059196   0.5588549221
    4     28.5767978   0.4977673218
     1         P     4
    1   1057.1219110   0.0436843488
    2    228.8442113   0.2863793984
    3     74.4059196   0.5835753141
    4     28.5767978   0.2463134378
     1         S     4
    1    106.0971114  -0.0888885878
    2     31.7667401  -0.2026189326
    3     12.5999920   0.5450886531
    4      5.6015794   0.6517016167
     1         P     4
    1    106.0971114  -0.0258036399
    2     31.7667401   0.1591409820
    3     12.5999920   0.6284124829
    4      5.6015794   0.3009838577
     1     D         4
    1    106.0971114   0.0692077243
    2     31.7667401   0.3728157695
    3     12.5999920   0.5664092659
    4      5.6015794   0.1585946537
     1         S     4
    1      9.7393217  -0.0584687890
    2      3.4767393  -0.4398036149
    3      1.5489228   0.5319219322
    4      0.7592698   0.8107467607
     1         P     4
    1      9.7393217  -0.0674663404
    2      3.4767393   0.0207792791
    3      1.5489228   0.6884538916
    4      0.7592698   0.3514817260
     1     D         4
    1      9.7393217   0.0038699422
    2      3.4767393   0.2976123998
    3      1.5489228   0.6203734570
    4      0.7592698   0.1735534933
     1         S     4
    1      1.0832815   0.0404511120
    2      0.4999460  -0.6576691017
    3      0.2215044   0.3792524265
    4      0.1206267   1.0385897340
     1         P     4
    1      1.0832815  -0.0858614965
    2      0.4999460  -0.1090154130
    3      0.2215044   0.7234042095
    4      0.1206267   0.4117428940
****
-Sn  0
     1     S         4
    1  12576.8209700   0.0567524208
    2   2301.4032860   0.2601413550
    3    639.3550333   0.5328461143
    4    212.1961879   0.2916254405
     1         S     4
    1   1103.2090710  -0.0622071456
    2    238.8210926   0.0000297680
    3     77.6497815   0.5588549221
    4     29.8226554   0.4977673218
     1         P     4
    1   1103.2090710   0.0436843488
    2    238.8210926   0.2863793984
    3     77.6497815   0.5835753141
    4     29.8226554   0.2463134378
     1         S     4
    1    112.1170049  -0.0888885878
    2     33.5691680  -0.2026189326
    3     13.3149089   0.5450886531
    4      5.9194100   0.6517016167
     1         P     4
    1    112.1170049  -0.0258036399
    2     33.5691680   0.1591409820
    3     13.3149089   0.6284124829
    4      5.9194100   0.3009838577
     1     D         4
    1    112.1170049   0.0692077243
    2     33.5691680   0.3728157695
    3     13.3149089   0.5664092659
    4      5.9194100   0.1585946537
     1         S     4
    1     10.7706156  -0.0584687890
    2      3.8448902  -0.4398036149
    3      1.7129378   0.5319219322
    4      0.8396686   0.8107467607
     1         P     4
    1     10.7706156  -0.0674663404
    2      3.8448902   0.0207792791
    3      1.7129378   0.6884538916
    4      0.8396686   0.3514817260
     1     D         4
    1     10.7706156   0.0038699422
    2      3.8448902   0.2976123998
    3      1.7129378   0.6203734570
    4      0.8396686   0.1735534933
     1         S     4
    1      1.1915452   0.0404511120
    2      0.5499109  -0.6576691017
    3      0.2436416   0.3792524265
    4      0.1326822   1.0385897340
     1         P     4
    1      1.1915452  -0.0858614965
    2      0.5499109  -0.1090154130
    3      0.2436416   0.7234042095
    4      0.1326822   0.4117428940
****
-Sb  0
     1     S         4
    1  13083.8794800   0.0567524208
    2   2394.1887460   0.2601413550
    3    665.1318501   0.5328461143
    4    220.7512817   0.2916254405
     1         S     4
    1   1150.2795380  -0.0622071456
    2    249.0108386   0.0000297680
    3     80.9628539   0.5588549221
    4     31.0950945   0.4977673218
     1         P     4
    1   1150.2795380   0.0436843488
    2    249.0108386   0.2863793984
    3     80.9628539   0.5835753141
    4     31.0950945   0.2463134378
     1         S     4
    1    118.5053151  -0.0888885878
    2     35.4819042  -0.2026189326
    3     14.0735785   0.5450886531
    4      6.2566919   0.6517016167
     1         P     4
    1    118.5053151  -0.0258036399
    2     35.4819042   0.1591409820
    3     14.0735785   0.6284124829
    4      6.2566919   0.3009838577
     1     D         4
    1    118.5053151   0.0692077243
    2     35.4819042   0.3728157695
    3     14.0735785   0.5664092659
    4      6.2566919   0.1585946537
     1         S     4
    1     11.8076298  -0.0584687890
    2      4.2150831  -0.4398036149
    3      1.8778625   0.5319219322
    4      0.9205135   0.8107467607
     1         P     4
    1     11.8076298  -0.0674663404
    2      4.2150831   0.0207792791
    3      1.8778625   0.6884538916
    4      0.9205135   0.3514817260
     1     D         4
    1     11.8076298   0.0038699422
    2      4.2150831   0.2976123998
    3      1.8778625   0.6203734570
    4      0.9205135   0.1735534933
     1         S     4
    1      1.2476103   0.0404511120
    2      0.5757855  -0.6576691017
    3      0.2551056   0.3792524265
    4      0.1389252   1.0385897340
     1         P     4
    1      1.2476103  -0.0858614965
    2      0.5757855  -0.1090154130
    3      0.2551056   0.7234042095
    4      0.1389252   0.4117428940
****
-Te  0
     1     S         4
    1  13606.2864700   0.0567524208
    2   2489.7827880   0.2601413550
    3    691.6889218   0.5328461143
    4    229.5653350   0.2916254405
     1         S     4
    1   1198.3333120  -0.0622071456
    2    259.4134495   0.0000297680
    3     84.3451366   0.5588549221
    4     32.3941150   0.4977673218
     1         P     4
    1   1198.3333120   0.0436843488
    2    259.4134495   0.2863793984
    3     84.3451366   0.5835753141
    4     32.3941150   0.2463134378
     1         S     4
    1    125.0706175  -0.0888885878
    2     37.4476340  -0.2026189326
    3     14.8532676   0.5450886531
    4      6.6033183   0.6517016167
     1         P     4
    1    125.0706175  -0.0258036399
    2     37.4476340   0.1591409820
    3     14.8532676   0.6284124829
    4      6.6033183   0.3009838577
     1     D         4
    1    125.0706175   0.0692077243
    2     37.4476340   0.3728157695
    3     14.8532676   0.5664092659
    4      6.6033183   0.1585946537
     1         S     4
    1     12.9405396  -0.0584687890
    2      4.6195088  -0.4398036149
    3      2.0580383   0.5319219322
    4      1.0088342   0.8107467607
     1         P     4
    1     12.9405396  -0.0674663404
    2      4.6195088   0.0207792791
    3      2.0580383   0.6884538916
    4      1.0088342   0.3514817260
     1     D         4
    1     12.9405396   0.0038699422
    2      4.6195088   0.2976123998
    3      2.0580383   0.6203734570
    4      1.0088342   0.1735534933
     1         S     4
    1      1.3399953   0.0404511120
    2      0.6184222  -0.6576691017
    3      0.2739960   0.3792524265
    4      0.1492126   1.0385897340
     1         P     4
    1      1.3399953  -0.0858614965
    2      0.6184222  -0.1090154130
    3      0.2739960   0.7234042095
    4      0.1492126   0.4117428940
****
-I   0
     1     S         4
    1  14133.4882500   0.0567524208
    2   2586.2542200   0.2601413550
    3    718.4897419   0.5328461143
    4    238.4602863   0.2916254405
     1         S     4
    1   1247.3703920  -0.0622071456
    2    270.0289253   0.0000297680
    3     87.7966298   0.5588549221
    4     33.7197168   0.4977673218
     1         P     4
    1   1247.3703920   0.0436843488
    2    270.0289253   0.2863793984
    3     87.7966298   0.5835753141
    4     33.7197168   0.2463134378
     1         S     4
    1    131.8129120  -0.0888885878
    2     39.4663574  -0.2026189326
    3     15.6539760   0.5450886531
    4      6.9592893   0.6517016167
     1         P     4
    1    131.8129120  -0.0258036399
    2     39.4663574   0.1591409820
    3     15.6539760   0.6284124829
    4      6.9592893   0.3009838577
     1     D         4
    1    131.8129120   0.0692077243
    2     39.4663574   0.3728157695
    3     15.6539760   0.5664092659
    4      6.9592893   0.1585946537
     1         S     4
    1     14.0749358  -0.0584687890
    2      5.0244651  -0.4398036149
    3      2.2384505   0.5319219322
    4      1.0972708   0.8107467607
     1         P     4
    1     14.0749358  -0.0674663404
    2      5.0244651   0.0207792791
    3      2.2384505   0.6884538916
    4      1.0972708   0.3514817260
     1     D         4
    1     14.0749358   0.0038699422
    2      5.0244651   0.2976123998
    3      2.2384505   0.6203734570
    4      1.0972708   0.1735534933
     1         S     4
    1      1.5096085   0.0404511120
    2      0.6967005  -0.6576691017
    3      0.3086778   0.3792524265
    4      0.1680995   1.0385897340
     1         P     4
    1      1.5096085  -0.0858614965
    2      0.6967005  -0.1090154130
    3      0.3086778   0.7234042095
    4      0.1680995   0.4117428940
****
-Xe  0
     1     S         4
    1  14670.7105600   0.0567524208
    2   2684.5592830   0.2601413550
    3    745.7999648   0.5328461143
    4    247.5243038   0.2916254405
     1         S     4
    1   1297.3907790  -0.0622071456
    2    280.8572658   0.0000297680
    3     91.3173334   0.5588549221
    4     35.0719000   0.4977673218
     1         P     4
    1   1297.3907790   0.0436843488
    2    280.8572658   0.2863793984
    3     91.3173334   0.5835753141
    4     35.0719000   0.2463134378
     1         S     4
    1    138.5132919  -0.0888885878
    2     41.4725310  -0.2026189326
    3     16.4497068   0.5450886531
    4      7.3130474   0.6517016167
     1         P     4
    1    138.5132919  -0.0258036399
    2     41.4725310   0.1591409820
    3     16.4497068   0.6284124829
    4      7.3130474   0.3009838577
     1     D         4
    1    138.5132919   0.0692077243
    2     41.4725310   0.3728157695
    3     16.4497068   0.5664092659
    4      7.3130474   0.1585946537
     1         S     4
    1     15.2569870  -0.0584687890
    2      5.4464333  -0.4398036149
    3      2.4264416   0.5319219322
    4      1.1894226   0.8107467607
     1         P     4
    1     15.2569870  -0.0674663404
    2      5.4464333   0.0207792791
    3      2.4264416   0.6884538916
    4      1.1894226   0.3514817260
     1     D         4
    1     15.2569870   0.0038699422
    2      5.4464333   0.2976123998
    3      2.4264416   0.6203734570
    4      1.1894226   0.1735534933
     1         S     4
    1      1.7025499   0.0404511120
    2      0.7857450  -0.6576691017
    3      0.3481295   0.3792524265
    4      0.1895841   1.0385897340
     1         P     4
    1      1.7025499  -0.0858614965
    2      0.7857450  -0.1090154130
    3      0.3481295   0.7234042095
    4      0.1895841   0.4117428940
****
