-H   0
     1     S         3
    1     33.8650000   0.0254938000
    2      5.0947900   0.1903730000
    3      1.1587900   0.8521610000
     1     S         1
    1      0.3258400   1.0000000000
     1     S         1
    1      0.1027410   1.0000000000
     1     P         1
    1      0.7500000   1.0000000000
****
-He  0
     1     S         3
    1     98.1243000   0.0287452000
    2     14.7689000   0.2080610000
    3      3.3188300   0.8376350000
     1     S         1
    1      0.8740470   1.0000000000
     1     S         1
    1      0.2445640   1.0000000000
     1     P         1
    1      0.7500000   1.0000000000
****
-Li  0
     1     S         6
    1   6269.2626950   0.0002054100
    2    940.3161011   0.0015916600
    3    214.2210693   0.0082869800
    4     60.7598419   0.0338563696
    5     19.9151516   0.1110322624
    6      7.3171511   0.2744938433
     1     S         2
    1      2.9724674   0.2379245609
    2      1.2639853   0.3076541126
     1     S         1
    1      0.5142749   1.0000000000
     1     S         1
    1      0.0770309   1.0000000000
     1     S         1
    1      0.0289389   1.0000000000
     1     D         1
    1      0.2000000   1.0000000000
****
-Be  0
     1     S         6
    1   4700.2363280   0.0002358400
    2    704.8284302   0.0018243800
    3    160.4311066   0.0093966098
    4     45.4253464   0.0369089208
    5     14.7983341   0.1089756116
    6      5.3512454   0.2169428468
     1     S         2
    1      2.1542044   0.4469541013
    2      0.9336374   0.2086698562
     1     S         1
    1      0.1879143   1.0000000000
     1     S         1
    1      0.7464827   1.0000000000
     1     S         1
    1      0.0326505   1.0000000000
     1     D         1
    1      0.2550000   1.0000000000
****
-B   0
     1     S         6
    1   8564.8662110   0.0002283700
    2   1284.1516110   0.0017682600
    3    292.2787170   0.0091407103
    4     82.7754669   0.0363426395
    5     27.0179386   0.1106345803
    6      9.8149624   0.2336734384
     1     S         2
    1      3.9318559   0.4181877673
    2      1.6595600   0.2232547402
     1     S         1
    1      0.3576297   1.0000000000
     1     S         1
    1      0.1424628   1.0000000000
     1     S         1
    1      0.0605606   1.0000000000
     1     P         4
    1     22.4538765   0.0050265598
    2      5.1045060   0.0328017399
    3      1.4986081   0.1315123141
    4      0.5092783   0.3319716752
     1     P         1
    1      0.1814708   1.0000000000
     1     P         1
    1      0.0646219   1.0000000000
     1     D         1
    1      0.4010000   1.0000000000
****
-C   0
     1     S         6
    1  13575.3496100   0.0002224600
    2   2035.2333980   0.0017232700
    3    463.2256165   0.0089255702
    4    131.2001953   0.0357279815
    5     42.8530159   0.1107626036
    6     15.5841856   0.2429562807
     1     S         2
    1      6.2067137   0.4144026339
    2      2.5764897   0.2374496907
     1     S         1
    1      0.5769634   1.0000000000
     1     S         1
    1      0.2297283   1.0000000000
     1     S         1
    1      0.0951644   1.0000000000
     1     P         4
    1     34.6972313   0.0053333701
    2      7.9582624   0.0358641110
    3      2.3780828   0.1421587318
    4      0.8143321   0.3427047133
     1     P         1
    1      0.2888755   1.0000000000
     1     P         1
    1      0.1005682   1.0000000000
     1     D         1
    1      0.6260000   1.0000000000
****
-N   0
     1     S         6
    1  19730.8007800   0.0002188800
    2   2957.8957520   0.0016960700
    3    673.2213135   0.0087954598
    4    190.6824951   0.0353593789
    5     62.2954407   0.1109578907
    6     22.6541615   0.2498297244
     1     S         2
    1      8.9791479   0.4062389731
    2      3.6863003   0.2433821708
     1     S         1
    1      0.8466008   1.0000000000
     1     S         1
    1      0.3364713   1.0000000000
     1     S         1
    1      0.1364765   1.0000000000
     1     P         4
    1     49.2003822   0.0055552400
    2     11.3467903   0.0380523801
    3      3.4273973   0.1495367140
    4      1.1785525   0.3494930565
     1     P         1
    1      0.4164220   1.0000000000
     1     P         1
    1      0.1426083   1.0000000000
     1     D         1
    1      0.9130000   1.0000000000
****
-O   0
     1     S         6
    1  27032.3828100   0.0002172600
    2   4052.3872070   0.0016838700
    3    922.3272095   0.0087395599
    4    261.2407227   0.0352399684
    5     85.3546448   0.1115351915
    6     31.0350361   0.2558895350
     1     S         2
    1     12.2608604   0.3976873159
    2      4.9987078   0.2462784946
     1     S         1
    1      1.1703109   1.0000000000
     1     S         1
    1      0.4647474   1.0000000000
     1     S         1
    1      0.1850454   1.0000000000
     1     P         4
    1     63.2749557   0.0060685100
    2     14.6270494   0.0419125818
    3      4.4501224   0.1615384072
    4      1.5275799   0.3570695221
     1     P         1
    1      0.5293512   1.0000000000
     1     P         1
    1      0.1747842   1.0000000000
     1     D         1
    1      1.2920000   1.0000000000
****
-F   0
     1     S         6
    1  35479.1015600   0.0002154500
    2   5318.4726560   0.0016700700
    3   1210.4810790   0.0086733196
    4    342.8551941   0.0350499302
    5    112.0194321   0.1116532013
    6     40.7147407   0.2598850727
     1     S         2
    1     16.0396786   0.3942296803
    2      6.5038185   0.2499823868
     1     S         1
    1      1.5440477   1.0000000000
     1     S         1
    1      0.6122345   1.0000000000
     1     S         1
    1      0.2402798   1.0000000000
     1     P         4
    1     80.2339020   0.0063685998
    2     18.5940113   0.0443031415
    3      5.6867905   0.1686724871
    4      1.9511006   0.3616634607
     1     P         1
    1      0.6697021   1.0000000000
     1     P         1
    1      0.2165130   1.0000000000
     1     D         1
    1      1.7500000   1.0000000000
****
-Ne  0
     1     S         6
    1  45069.4648400   0.0002168700
    2   6755.9770510   0.0016812700
    3   1537.6502690   0.0087356102
    4    435.5169678   0.0353612714
    5    142.2865601   0.1132152081
    6     51.6921539   0.2665465176
     1     S         2
    1     20.3158703   0.3963195980
    2      8.2021942   0.2558281124
     1     S         1
    1      1.9681276   1.0000000000
     1     S         1
    1      0.7790475   1.0000000000
     1     S         1
    1      0.3022950   1.0000000000
     1     P         4
    1     99.7829971   0.0065569198
    2     23.1761246   0.0458880104
    3      7.1163945   0.1733128726
    4      2.4418712   0.3647526801
     1     P         1
    1      0.8338960   1.0000000000
     1     P         1
    1      0.2660731   1.0000000000
     1     D         1
    1      2.3040000   1.0000000000
****
-Na  0
     1     S         7
    1  26041.1093700   0.0006180600
    2   3906.1269530   0.0047748601
    3    888.9745483   0.0244716797
    4    251.4549866   0.0947553888
    5     81.6501465   0.2686749697
    6     28.9041576   0.4792547524
    7     10.6257830   0.3324859142
     1     S         3
    1     53.7694092   0.0195277296
    2     16.3082428   0.0926480070
    3      2.3730383  -0.3993867040
     1     S         2
    1      0.9573078   1.6428595780
    2      0.4080646   0.5569259524
     1     S         1
    1      0.0499676   1.0000000000
     1     S         1
    1      0.0192686   1.0000000000
     1     P         5
    1    138.0798035   0.0057951901
    2     32.2327004   0.0416208506
    3      9.9816074   0.1628191769
    4      3.4822035   0.3601178527
    5      1.2299135   0.4485898018
     1     P         1
    1      0.4174396   1.0000000000
     1     D         1
    1      0.1750000   1.0000000000
****
-Mg  0
     1     S         7
    1  31438.3496100   0.0006091200
    2   4715.5151370   0.0047066198
    3   1073.1629640   0.0241358206
    4    303.5723877   0.0936289579
    5     98.6262512   0.2664674222
    6     34.9438095   0.4789093137
    7     12.8597851   0.3369849026
     1     S         3
    1     64.8769150   0.0191808902
    2     19.7255211   0.0909136981
    3      2.8951805  -0.3956375718
     1     S         2
    1      1.1960455   1.6827603580
    2      0.5432945   0.5214109421
     1     S         1
    1      0.1009910   1.0000000000
     1     S         1
    1      0.0368657   1.0000000000
     1     P         5
    1    179.8719025   0.0053799502
    2     42.1200676   0.0393180102
    3     13.1205034   0.1574012935
    4      4.6257505   0.3591909409
    5      1.6695211   0.4553337991
     1     P         1
    1      0.5855101   1.0000000000
     1     D         1
    1      0.1750000   1.0000000000
****
-Al  0
     1     S         7
    1  37792.5507800   0.0005704800
    2   5668.0683590   0.0044093002
    3   1289.8582760   0.0226309709
    4    364.8659668   0.0880256370
    5    118.5763168   0.2522370219
    6     42.0248680   0.4596054554
    7     15.4995012   0.3327788711
     1     S         3
    1     75.2080231   0.0192505606
    2     23.0314083   0.0879067406
    3      3.6348798  -0.3424670398
     1     S         2
    1      1.6065050   1.5106265540
    2      0.7610340   0.5807101727
     1     S         1
    1      0.1655671   1.0000000000
     1     S         1
    1      0.0600416   1.0000000000
     1     P         6
    1    452.5230408   0.0023110800
    2    107.0819473   0.0185686406
    3     34.1310196   0.0872162431
    4     12.5870371   0.2690210342
    5      4.9811921   0.5212832689
    6      2.0070350   0.6027168632
     1     P         1
    1      0.8008372   1.0000000000
     1     P         1
    1      0.2017893   1.0000000000
     1     P         1
    1      0.0578955   1.0000000000
     1     D         1
    1      0.3250000   1.0000000000
****
-Si  0
     1     S         7
    1  44773.3593800   0.0005591500
    2   6717.1992190   0.0043206001
    3   1528.8959960   0.0221871007
    4    432.5474548   0.0864892527
    5    140.6150513   0.2493989021
    6     49.8576355   0.4601719677
    7     18.4349747   0.3425023556
     1     S         3
    1     86.5338898   0.0213000607
    2     26.6246071   0.0946761370
    3      4.4953055  -0.3261626363
     1     S         2
    1      2.1035047   1.3980803490
    2      1.0106095   0.6386578679
     1     S         1
    1      0.2370175   1.0000000000
     1     S         1
    1      0.0857034   1.0000000000
     1     P         6
    1    394.4750366   0.0026285700
    2     93.1376801   0.0205562599
    3     29.5196095   0.0920702592
    4     10.7816639   0.2556588948
    5      4.1626573   0.4211170673
    6      1.6247973   0.3440174460
     1     P         1
    1      0.5430666   1.0000000000
     1     P         1
    1      0.2058207   1.0000000000
     1     P         1
    1      0.0700535   1.0000000000
     1     D         1
    1      0.4500000   1.0000000000
****
-P   0
     1     S         7
    1  52427.0000000   0.0005520700
    2   7863.2661130   0.0042678602
    3   1789.5227050   0.0219315309
    4    506.2730103   0.0856671706
    5    164.6069794   0.2484068722
    6     58.3919182   0.4633675516
    7     21.6436634   0.3535055816
     1     S         3
    1     99.0138397   0.0218956806
    2     30.5504398   0.0956504717
    3      5.4537086  -0.2945427001
     1     S         2
    1      2.6503363   1.3294380900
    2      1.2726688   0.6610939503
     1     S         1
    1      0.3164501   1.0000000000
     1     S         1
    1      0.1141747   1.0000000000
     1     P         6
    1    472.2721863   0.0025710601
    2    111.5888290   0.0202503000
    3     35.4459381   0.0915807188
    4     12.9907770   0.2574945390
    5      5.0486221   0.4286290109
    6      1.9934050   0.3435981870
     1     P         1
    1      0.6652728   1.0000000000
     1     P         1
    1      0.2551683   1.0000000000
     1     P         1
    1      0.0903578   1.0000000000
     1     D         1
    1      0.5500000   1.0000000000
****
-S   0
     1     S         7
    1  60700.9296900   0.0005469600
    2   9102.6103520   0.0042297202
    3   2071.4165040   0.0217478201
    4    586.0247803   0.0851000473
    5    190.5539551   0.2479912788
    6     67.6303863   0.4670363963
    7     25.1273060   0.3643458784
     1     S         3
    1    112.5746307   0.0216700397
    2     34.7955551   0.0936022997
    3      6.5115557  -0.2606800199
     1     S         2
    1      3.2399032   1.2842088940
    2      1.5477161   0.6603641510
     1     S         1
    1      0.4054103   1.0000000000
     1     S         1
    1      0.1455065   1.0000000000
     1     P         6
    1    564.3671875   0.0024796801
    2    133.4262390   0.0196779296
    3     42.4682693   0.0899800137
    4     15.6165276   0.2570587993
    5      6.1093988   0.4351516664
    6      2.4404161   0.3488323987
     1     P         1
    1      0.8388220   1.0000000000
     1     P         1
    1      0.3128875   1.0000000000
     1     P         1
    1      0.1077011   1.0000000000
     1     D         1
    1      0.6500000   1.0000000000
****
-Cl  0
     1     S         7
    1  69507.9921900   0.0005431500
    2  10426.1572300   0.0041990499
    3   2373.2333980   0.0215921402
    4    671.5642090   0.0845988467
    5    218.4199982   0.2475724965
    6     77.5722504   0.4701693058
    7     28.8888149   0.3743637204
     1     S         3
    1    127.1052704   0.0251821708
    2     39.3395844   0.1078611165
    3      7.6740680  -0.2740882337
     1     S         2
    1      3.8745627   1.3213875290
    2      1.8385832   0.6863695383
     1     S         1
    1      0.5022906   1.0000000000
     1     S         1
    1      0.1796272   1.0000000000
     1     P         6
    1    666.5042114   0.0023632699
    2    157.6424103   0.0188793000
    3     50.2625198   0.0872063413
    4     18.5360775   0.2528561354
    5      7.2940531   0.4350715578
    6      2.9433248   0.3502651155
     1     P         1
    1      1.0404971   1.0000000000
     1     P         1
    1      0.3845642   1.0000000000
     1     P         1
    1      0.1306964   1.0000000000
     1     D         1
    1      0.7500000   1.0000000000
****
-Ar  0
     1     S         7
    1  79111.4218800   0.0005102900
    2  11864.7460900   0.0039463001
    3   2700.1643070   0.0203070696
    4    763.9594116   0.0796918273
    5    248.4515076   0.2342062443
    6     88.2835846   0.4483384788
    7     32.9486084   0.3640816808
     1     S         3
    1    142.5535736   0.0263874102
    2     44.1636887   0.1122643426
    3      8.9524994  -0.2617892325
     1     S         2
    1      4.5546923   1.3002485040
    2      2.1444080   0.6719723940
     1     S         1
    1      0.6070878   1.0000000000
     1     S         1
    1      0.2165143   1.0000000000
     1     P         6
    1    776.7753906   0.0022028000
    2    183.8010712   0.0176941808
    3     58.6940041   0.0824312866
    4     21.7015915   0.2420727909
    5      8.5821486   0.4226355851
    6      3.4922678   0.3415180743
     1     P         1
    1      1.2637427   1.0000000000
     1     P         1
    1      0.4660787   1.0000000000
     1     P         1
    1      0.1576600   1.0000000000
     1     D         1
    1      0.8500000   1.0000000000
****
-K   0
     1     S         8
    1 153976.1875000   0.0002366300
    2  23082.4980500   0.0018342900
    3   5253.2343750   0.0095310500
    4   1486.9549560   0.0386384092
    5    484.0633240   0.1248076931
    6    173.5665436   0.2927886248
    7     67.1163788   0.4063342512
    8     26.3395023   0.2007721663
     1     S         4
    1    172.8769379  -0.0242009591
    2     53.0586472  -0.1155309528
    3      7.9212756   0.5745554566
    4      3.2108881   0.5702318549
     1     S         2
    1      4.5662069  -0.2261576355
    2      0.7020991   0.7552838922
     1     S         1
    1      0.2825894   1.0000000000
     1     S         1
    1      0.0358058   1.0000000000
     1     S         1
    1      0.0158192   1.0000000000
     1     P         6
    1    728.1845093   0.0026150700
    2    172.1326447   0.0206736308
    3     54.8298454   0.0932056010
    4     20.1662655   0.2543651760
    5      7.8610730   0.3913113177
    6      3.1105213   0.2248134613
     1     P         3
    1     11.7573376  -0.0257772896
    2      1.5139618   0.5735942721
    3      0.5832859   1.0798319580
     1     P         1
    1      0.2157048   1.0000000000
     1     D         1
    1      0.2290000   1.0000000000
****
-Ca  0
     1     S         8
    1 172517.3281000   0.0002331800
    2  25861.5195300   0.0018076500
    3   5885.6616210   0.0093943803
    4   1665.9730220   0.0381084084
    5    542.3671875   0.1233120412
    6    194.5780334   0.2900446951
    7     75.3035965   0.4058715105
    8     29.5740623   0.2039841115
     1     S         4
    1    191.2007446  -0.0244197603
    2     58.8403015  -0.1154702678
    3      8.9642544   0.5635663867
    4      3.6856961   0.5670968294
     1     S         2
    1      5.2464290  -0.2282533348
    2      0.8486262   0.7262521982
     1     S         1
    1      0.3674330   1.0000000000
     1     S         1
    1      0.0668216   1.0000000000
     1     S         1
    1      0.0267597   1.0000000000
     1     P         6
    1    836.9725952   0.0025258299
    2    197.9304047   0.0200765096
    3     63.1355591   0.0913029909
    4     23.2826862   0.2524703145
    5      9.1176443   0.3942632675
    6      3.6336119   0.2301155925
     1     P         3
    1     13.4941635  -0.0264950208
    2      1.8139260   0.5508810878
    3      0.7198182   1.0280616280
     1     P         1
    1      0.2762958   1.0000000000
     1     D         1
    1      0.2600000   1.0000000000
****
-Sc  0
     1     S         8
    1 191612.9219000   0.0002307600
    2  28723.8496100   0.0017890300
    3   6537.0117190   0.0092990398
    4   1850.3096920   0.0377394408
    5    602.3885498   0.1222714782
    6    216.1732483   0.2881482244
    7     83.7125168   0.4051754177
    8     32.9087067   0.2056601942
     1     S         4
    1    211.3439331  -0.0245279893
    2     65.1289215  -0.1157015786
    3     10.0343113   0.5599528551
    4      4.1596885   0.5608776212
     1     S         2
    1      6.0009041  -0.2284049392
    2      0.9825578   0.7194896936
     1     S         1
    1      0.4248319   1.0000000000
     1     S         1
    1      0.0771855   1.0000000000
     1     S         1
    1      0.0301472   1.0000000000
     1     P         6
    1    947.3412476   0.0024737199
    2    224.0970001   0.0197429694
    3     71.5603332   0.0903571472
    4     26.4448242   0.2520160377
    5     10.3937979   0.3967553675
    6      4.1606302   0.2320862561
     1     P         3
    1     15.5657368  -0.0271294192
    2      2.1121545   0.5510925651
    3      0.8418471   1.0090636010
     1     P         1
    1      0.3229754   1.0000000000
     1     D         4
    1     30.9893913   0.0119028399
    2      8.6905460   0.0676558614
    3      2.9520257   0.2133253962
    4      1.0761911   0.3839107454
     1     D         1
    1      0.3833891   1.0000000000
     1     D         1
    1      0.1253469   1.0000000000
****
-Ti  0
     1     S         8
    1 211575.6875000   0.0002331800
    2  31714.9453100   0.0018079700
    3   7217.5478520   0.0093984297
    4   2042.9394530   0.0381568484
    5    665.1289673   0.1237475723
    6    238.7494202   0.2920854986
    7     92.5086899   0.4122680128
    8     36.4039192   0.2109053433
     1     S         4
    1    232.7262421  -0.0249201395
    2     71.7912064  -0.1174649000
    3     11.1585350   0.5650334358
    4      4.6548138   0.5621110201
     1     S         2
    1      6.8034630  -0.2301142663
    2      1.1201077   0.7210318446
     1     S         1
    1      0.4808012   1.0000000000
     1     S         1
    1      0.0851573   1.0000000000
     1     S         1
    1      0.0326575   1.0000000000
     1     P         6
    1   1063.1474610   0.0024690800
    2    251.5650635   0.0197733492
    3     80.4085541   0.0909879804
    4     29.7681923   0.2555989921
    5     11.7368307   0.4048938751
    6      4.7142377   0.2369340360
     1     P         3
    1     17.7968044  -0.0278786402
    2      2.4272699   0.5567291379
    3      0.9682345   1.0055447820
     1     P         1
    1      0.3705669   1.0000000000
     1     D         4
    1     37.7133865   0.0115138404
    2     10.6929312   0.0672463402
    3      3.6728446   0.2148420811
    4      1.3588591   0.3889089227
     1     D         1
    1      0.4921330   1.0000000000
     1     D         1
    1      0.1633052   1.0000000000
****
-V   0
     1     S         8
    1 232340.6563000   0.0002307200
    2  34828.8398400   0.0017888200
    3   7926.5449220   0.0092992503
    4   2243.7731930   0.0377614610
    5    730.5932007   0.1225591004
    6    262.3222046   0.2896350920
    7    101.7040405   0.4100470245
    8     40.0647850   0.2111361027
     1     S         4
    1    255.2401428  -0.0244581196
    2     78.8046494  -0.1152720526
    3     12.3405991   0.5517475009
    4      5.1742020   0.5450452566
     1     S         2
    1      7.6513896  -0.2296763808
    2      1.2639760   0.7168377042
     1     S         1
    1      0.5386176   1.0000000000
     1     S         1
    1      0.0927193   1.0000000000
     1     S         1
    1      0.0349981   1.0000000000
     1     P         6
    1   1184.2369380   0.0024449800
    2    280.2307434   0.0196434502
    3     89.6436233   0.0907969475
    4     33.2424126   0.2565076947
    5     13.1445141   0.4081539512
    6      5.2948532   0.2386037856
     1     P         3
    1     20.1755867  -0.0282414891
    2      2.7605865   0.5557463765
    3      1.1008900   0.9931991696
     1     P         1
    1      0.4201331   1.0000000000
     1     D         4
    1     43.8611336   0.0114871701
    2     12.5160217   0.0682471469
    3      4.3313856   0.2183778435
    4      1.6138855   0.3924521208
     1     D         1
    1      0.5874957   1.0000000000
     1     D         1
    1      0.1951572   1.0000000000
****
-Cr  0
     1     S         8
    1 254477.8125000   0.0002338700
    2  38131.7968700   0.0018142600
    3   8675.2929690   0.0094363904
    4   2455.0100100   0.0383436382
    5    799.1621704   0.1245919466
    6    286.9002075   0.2948969603
    7    111.2541351   0.4184615016
    8     43.8641510   0.2163376361
     1     S         4
    1    279.3266907  -0.0234509092
    2     86.2747345  -0.1108037010
    3     13.5557566   0.5302896500
    4      5.6978111   0.5160351992
     1     S         2
    1      8.5636587  -0.3810954690
    2      1.3988297   1.1991591450
     1     S         1
    1      0.5728817   1.0000000000
     1     S         1
    1      0.0900962   1.0000000000
     1     S         1
    1      0.0341259   1.0000000000
     1     P         6
    1   1306.4398190   0.0024277300
    2    309.2531128   0.0195440408
    3     98.9962769   0.0906517878
    4     36.7569161   0.2569927871
    5     14.5666571   0.4093550444
    6      5.8739939   0.2372938842
     1     P         3
    1     22.8909988  -0.0281660296
    2      3.0855002   0.5603411794
    3      1.2132329   0.9811902046
     1     P         1
    1      0.4493168   1.0000000000
     1     D         4
    1     43.7200737   0.0136229601
    2     12.3912430   0.0789351836
    3      4.2639441   0.2383383960
    4      1.5525222   0.3952684999
     1     D         1
    1      0.5376193   1.0000000000
     1     D         1
    1      0.1649317   1.0000000000
****
-Mn  0
     1     S         8
    1 277185.0000000   0.0002283800
    2  41550.7695300   0.0017707699
    3   9455.9697270   0.0092077199
    4   2676.5207520   0.0374159701
    5    871.4668579   0.1216486096
    6    312.9830627   0.2882439196
    7    121.4445419   0.4104160070
    8     47.9225998   0.2137237489
     1     S         4
    1    303.6672363  -0.0245899297
    2     93.8814011  -0.1160260811
    3     14.8794212   0.5511205792
    4      6.2865200   0.5370756388
     1     S         2
    1      9.4858589  -0.2288926244
    2      1.5698706   0.7119616866
     1     S         1
    1      0.6590322   1.0000000000
     1     S         1
    1      0.1068629   1.0000000000
     1     S         1
    1      0.0392674   1.0000000000
     1     P         6
    1   1444.7978520   0.0023994099
    2    342.0655212   0.0193692893
    3    109.5840073   0.0902361125
    4     40.7479897   0.2574546933
    5     16.1886272   0.4127235115
    6      6.5484505   0.2408770025
     1     P         3
    1     25.3570862  -0.0287071709
    2      3.4830170   0.5520809889
    3      1.3858801   0.9722689986
     1     P         1
    1      0.5255510   1.0000000000
     1     D         4
    1     56.5631905   0.0115432497
    2     16.2787342   0.0702998489
    3      5.6964273   0.2245077044
    4      2.1411147   0.3970306516
     1     D         1
    1      0.7829180   1.0000000000
     1     D         1
    1      0.2595231   1.0000000000
****
-Fe  0
     1     S         8
    1 300784.8437000   0.0002280600
    2  45088.9687500   0.0017681801
    3  10262.5166000   0.0091927098
    4   2905.2897950   0.0373555012
    5    946.1148682   0.1215110794
    6    339.8783264   0.2881888151
    7    131.9442596   0.4112661183
    8     52.1114922   0.2151858360
     1     S         4
    1    329.4884033  -0.0247452203
    2    101.9233246  -0.1168308929
    3     16.2404633   0.5529361963
    4      6.8840675   0.5360164046
     1     S         2
    1     10.4706936  -0.2291270941
    2      1.7360040   0.7115932107
     1     S         1
    1      0.7257729   1.0000000000
     1     S         1
    1      0.1159553   1.0000000000
     1     S         1
    1      0.0419682   1.0000000000
     1     P         6
    1   1585.3959960   0.0023794000
    2    375.3800659   0.0192531496
    3    120.3181686   0.0900218412
    4     44.7887497   0.2579817176
    5     17.8292789   0.4149264991
    6      7.2247152   0.2420747429
     1     P         3
    1     28.1432190  -0.0290417597
    2      3.8743241   0.5531225801
    3      1.5410752   0.9677113891
     1     P         1
    1      0.5828562   1.0000000000
     1     D         4
    1     61.9966736   0.0119719701
    2     17.8737316   0.0732101425
    3      6.2744784   0.2310309410
    4      2.3552337   0.3991070688
     1     D         1
    1      0.8543224   1.0000000000
     1     D         1
    1      0.2786925   1.0000000000
****
-Co  0
     1     S         8
    1 325817.0000000   0.0002256800
    2  48839.6367200   0.0017499400
    3  11114.9375000   0.0091003096
    4   3146.1604000   0.0369962603
    5   1024.4378660   0.1204427034
    6    368.0250854   0.2859873176
    7    142.9122925   0.4090831280
    8     56.4826508   0.2150014639
     1     S         4
    1    356.4029846  -0.0247670598
    2    110.3116531  -0.1170213893
    3     17.6596355   0.5521551967
    4      7.5059032   0.5324687958
     1     S         2
    1     11.5018072  -0.2294247001
    2      1.9081994   0.7118093371
     1     S         1
    1      0.7939669   1.0000000000
     1     S         1
    1      0.1244445   1.0000000000
     1     S         1
    1      0.0444447   1.0000000000
     1     P         6
    1   1731.1369630   0.0023905800
    2    409.9175110   0.0193830002
    3    131.4564819   0.0909054503
    4     48.9874382   0.2614668310
    5     19.5370789   0.4215726554
    6      7.9287281   0.2457181364
     1     P         3
    1     31.0760174  -0.0294380691
    2      4.2835178   0.5561556816
    3      1.7022922   0.9677219391
     1     P         1
    1      0.6420291   1.0000000000
     1     D         4
    1     68.1407471   0.0119838500
    2     19.6852417   0.0736885369
    3      6.9322128   0.2308549732
    4      2.6025126   0.3928105831
     1     D         1
    1      0.9401684   1.0000000000
     1     D         1
    1      0.3038146   1.0000000000
****
-Ni  0
     1     S         8
    1 351535.7187000   0.0002252900
    2  52695.8085900   0.0017468600
    3  11992.4677700   0.0090849996
    4   3394.5776370   0.0369407497
    5   1105.3594970   0.1203282028
    6    397.1467896   0.2859671414
    7    154.2754364   0.4098302126
    8     61.0187225   0.2162064314
     1     S         4
    1    384.4555969  -0.0246512797
    2    119.0487900  -0.1165850535
    3     19.1370125   0.5486412644
    4      8.1526718   0.5264005065
     1     S         2
    1     12.5794086  -0.2279788405
    2      2.0870867   0.7070373893
     1     S         1
    1      0.8643257   1.0000000000
     1     S         1
    1      0.1328317   1.0000000000
     1     S         1
    1      0.0468453   1.0000000000
     1     P         6
    1   1883.0906980   0.0023748300
    2    445.9515381   0.0192894600
    3    143.0843048   0.0907182097
    4     53.3729210   0.2618141472
    5     21.3219185   0.4230915010
    6      8.6643562   0.2464168668
     1     P         3
    1     34.1442566  -0.0296771303
    2      4.7122455   0.5561682582
    3      1.8709232   0.9635776877
     1     P         1
    1      0.7037002   1.0000000000
     1     D         4
    1     74.5916061   0.0120774498
    2     21.5906334   0.0746372566
    3      7.6246142   0.2323677540
    4      2.8632207   0.3904265165
     1     D         1
    1      1.0311064   1.0000000000
     1     D         1
    1      0.3306076   1.0000000000
****
-Cu  0
     1     S         8
    1 377518.8125000   0.0002281200
    2  56589.9843800   0.0017688000
    3  12878.7119100   0.0091993501
    4   3645.3752440   0.0374110192
    5   1187.0073240   0.1218987405
    6    426.4642334   0.2898389995
    7    165.7066040   0.4153187275
    8     65.5989456   0.2190579921
     1     S         4
    1    414.4126587  -0.0246825293
    2    128.3205566  -0.1171682701
    3     20.6220894   0.5530131459
    4      8.7821226   0.5224272013
     1     S         2
    1     13.7413721  -0.2273606211
    2      2.2431247   0.7176120877
     1     S         1
    1      0.8937055   1.0000000000
     1     S         1
    1      0.1083670   1.0000000000
     1     S         1
    1      0.0388062   1.0000000000
     1     P         6
    1   2034.7596440   0.0023524801
    2    481.9046936   0.0191340707
    3    154.6748352   0.0901711136
    4     57.7405777   0.2606328428
    5     23.0990524   0.4209348559
    6      9.3882475   0.2434461564
     1     P         3
    1     37.5961723  -0.0289910901
    2      5.1240692   0.5491908193
    3      2.0119996   0.9379333258
     1     P         1
    1      0.7386069   1.0000000000
     1     D         4
    1     74.1294632   0.0143632200
    2     21.3598423   0.0866281837
    3      7.4995241   0.2563143075
    4      2.7601395   0.4037406147
     1     D         1
    1      0.9536206   1.0000000000
     1     D         1
    1      0.2842086   1.0000000000
****
-Zn  0
     1     S         8
    1 405924.3125000   0.0002244200
    2  60846.9570300   0.0017402100
    3  13847.3427700   0.0090513304
    4   3919.6159670   0.0368173383
    5   1276.3593750   0.1200485006
    6    458.6725464   0.2857605815
    7    178.2872467   0.4108746052
    8     70.6121902   0.2181696147
     1     S         4
    1    443.8807678  -0.0249342695
    2    137.5587463  -0.1181795597
    3     22.2680836   0.5536732078
    4      9.5217314   0.5262893438
     1     S         2
    1     14.8741140  -0.2292995453
    2      2.4647517   0.7113548517
     1     S         1
    1      1.0113273   1.0000000000
     1     S         1
    1      0.1491985   1.0000000000
     1     S         1
    1      0.0514419   1.0000000000
     1     P         6
    1   2205.3508300   0.0023356201
    2    522.3530273   0.0190310199
    3    167.7305603   0.0899557620
    4     62.6700440   0.2611324787
    5     25.1097488   0.4234844744
    6     10.2251425   0.2461892664
     1     P         3
    1     40.7134438  -0.0300296694
    2      5.6247091   0.5557525754
    3      2.2279949   0.9558101296
     1     P         1
    1      0.8335474   1.0000000000
     1     D         4
    1     88.5543137   0.0127281696
    2     25.7215252   0.0793944970
    3      9.1278372   0.2449150681
    4      3.4312365   0.4039052725
     1     D         1
    1      1.2308921   1.0000000000
     1     D         1
    1      0.3903185   1.0000000000
****
-Ga  0
     1     S         8
    1 435548.6563000   0.0002364600
    2  65289.5898400   0.0018335300
    3  14858.7841800   0.0095371902
    4   4205.9736330   0.0388034098
    5   1369.6416020   0.1266160458
    6    492.3034973   0.3017531037
    7    191.4192352   0.4354393482
    8     75.8405609   0.2328236401
     1     S         4
    1    474.3081055  -0.0267437100
    2    147.1029816  -0.1265465766
    3     23.9825993   0.5884034634
    4     10.2982302   0.5632427335
     1     S         2
    1     16.0503807  -0.2451643944
    2      2.6988468   0.7457805276
     1     S         1
    1      1.1428589   1.0000000000
     1     S         1
    1      0.2021765   1.0000000000
     1     S         1
    1      0.0719801   1.0000000000
     1     P         6
    1   2432.0170900   0.0022434101
    2    576.1204834   0.0183422696
    3    185.1158447   0.0872796997
    4     69.2465744   0.2568486929
    5     27.8181076   0.4239837825
    6     11.4202299   0.2570134103
     1     P         3
    1     42.8196602  -0.0193265192
    2      6.3885903   0.3157138824
    3      2.6698992   0.5761779547
     1     P         1
    1      1.0781784   1.0000000000
     1     P         1
    1      0.2279656   1.0000000000
     1     P         1
    1      0.0628362   1.0000000000
     1     D         5
    1    103.9233170   0.0114646098
    2     30.3710938   0.0736257508
    3     10.8720779   0.2350510657
    4      4.1549139   0.4031856358
    5      1.5345659   0.4082474709
     1     D         1
    1      0.5111426   1.0000000000
     1     D         1
    1      0.1690000   1.0000000000
****
-Ge  0
     1     S         8
    1 466115.0000000   0.0002248700
    2  69875.4218700   0.0017435401
    3  15903.2763700   0.0090691503
    4   4501.8232420   0.0369061716
    5   1466.0571290   0.1205016822
    6    527.0784302   0.2874864340
    7    205.0039520   0.4162232280
    8     81.2515945   0.2239784598
     1     S         4
    1    505.7466125  -0.0251846109
    2    156.9659424  -0.1189893037
    3     25.7614479   0.5493013859
    4     11.1066542   0.5293930769
     1     S         2
    1     17.2720585  -0.2285459638
    2      2.9438288   0.6837792993
     1     S         1
    1      1.2839165   1.0000000000
     1     S         1
    1      0.2587334   1.0000000000
     1     S         1
    1      0.0935249   1.0000000000
     1     P         6
    1   2633.9345700   0.0022143901
    2    624.0015869   0.0181409009
    3    200.5852814   0.0866321772
    4     75.0970841   0.2564902008
    5     30.2143879   0.4265861213
    6     12.4400873   0.2620052695
     1     P         3
    1     45.9813156  -0.0203217696
    2      6.9945655   0.3201374412
    3      2.9686000   0.5905101299
     1     P         1
    1      1.2320988   1.0000000000
     1     P         1
    1      0.2898161   1.0000000000
     1     P         1
    1      0.0855646   1.0000000000
     1     D         5
    1    119.4488754   0.0105865402
    2     35.0629158   0.0696012825
    3     12.6369247   0.2280703485
    4      4.8888674   0.4030106664
    5      1.8453195   0.4130484760
     1     D         1
    1      0.6357116   1.0000000000
     1     D         1
    1      0.2280000   1.0000000000
****
-As  0
     1     S         8
    1 498032.4063000   0.0002274000
    2  74656.8671900   0.0017632800
    3  16990.9609400   0.0091728000
    4   4809.6201170   0.0373378284
    5   1566.2886960   0.1219953597
    6    563.2136230   0.2913747430
    7    219.1118011   0.4232635200
    8     86.8660584   0.2292146385
     1     S         4
    1    538.1951294  -0.0252541993
    2    167.1484985  -0.1191546097
    3     27.6055164   0.5462849736
    4     11.9478588   0.5300152302
     1     S         2
    1     18.5380230  -0.2347918749
    2      3.2018986   0.6916705370
     1     S         1
    1      1.4356523   1.0000000000
     1     S         1
    1      0.3183781   1.0000000000
     1     S         1
    1      0.1162263   1.0000000000
     1     P         6
    1   2678.9421390   0.0023318999
    2    634.6176758   0.0190421492
    3    203.9396820   0.0902297422
    4     76.3238907   0.2616903782
    5     30.6641254   0.4185716808
    6     12.5050564   0.2344782948
     1     P         4
    1     49.2562294  -0.0212355405
    2      7.7274890   0.3047020733
    3      3.5410492   0.5288837552
    4      1.6985586   0.3727225065
     1     P         1
    1      0.7684807   1.0000000000
     1     P         1
    1      0.3005082   1.0000000000
     1     P         1
    1      0.0981906   1.0000000000
     1     D         5
    1    135.3328857   0.0099291103
    2     39.8602142   0.0665688366
    3     14.4464283   0.2227576822
    4      5.6432900   0.4030922353
    5      2.1668189   0.4167166948
     1     D         1
    1      0.7651497   1.0000000000
     1     D         1
    1      0.2640000   1.0000000000
****
-Se  0
     1     S         8
    1 531071.6875000   0.0002410900
    2  79603.0468700   0.0018696400
    3  18115.8437500   0.0097271604
    4   5127.8920900   0.0396047905
    5   1669.9130860   0.1294885427
    6    600.5753174   0.3095943630
    7    233.7002106   0.4511576891
    8     92.6724472   0.2457918972
     1     S         4
    1    571.5751343  -0.0268957093
    2    177.6368561  -0.1267098933
    3     29.5177669   0.5769900084
    4     12.8244000   0.5636907220
     1     S         2
    1     19.8482361  -0.2513241470
    2      3.4744020   0.7290541530
     1     S         1
    1      1.5988911   1.0000000000
     1     S         1
    1      0.3833347   1.0000000000
     1     S         1
    1      0.1404974   1.0000000000
     1     P         6
    1   2815.3500980   0.0025569000
    2    666.9255981   0.0208740309
    3    214.3421326   0.0987721011
    4     80.2466888   0.2847182155
    5     32.2510796   0.4500358403
    6     13.1064329   0.2441609055
     1     P         4
    1     53.3661079  -0.0215584598
    2      8.1827774   0.3266231120
    3      3.6239946   0.5774049759
    4      1.6341591   0.3430131972
     1     P         1
    1      0.5841832   1.0000000000
     1     P         1
    1      0.2396627   1.0000000000
     1     P         1
    1      0.0887851   1.0000000000
     1     D         5
    1    151.8291016   0.0093970299
    2     44.8399925   0.0640864968
    3     16.3289986   0.2183423787
    4      6.4305058   0.4031479061
    5      2.5048025   0.4196649194
     1     D         1
    1      0.9027115   1.0000000000
     1     D         1
    1      0.3050000   1.0000000000
****
-Br  0
     1     S         8
    1 565073.2500000   0.0002366000
    2  84701.7265600   0.0018348300
    3  19276.2714800   0.0095465798
    4   5456.4282230   0.0388771407
    5   1776.9503170   0.1271831393
    6    639.1939697   0.3043766320
    7    248.7882385   0.4449093938
    8     98.6783066   0.2438164353
     1     S         4
    1    606.0782471  -0.0265271608
    2    188.4559784  -0.1248458475
    3     31.4971447   0.5646868348
    4     13.7360086   0.5555526614
     1     S         2
    1     21.2032127  -0.2494091988
    2      3.7616420   0.7121312022
     1     S         1
    1      1.7735934   1.0000000000
     1     S         1
    1      0.4519742   1.0000000000
     1     S         1
    1      0.1661338   1.0000000000
     1     P         6
    1   3019.6955570   0.0024971000
    2    715.3547974   0.0204192698
    3    229.9832916   0.0968971476
    4     86.1678467   0.2805390060
    5     34.6678696   0.4460639060
    6     14.1138706   0.2441007346
     1     P         4
    1     57.0856514  -0.0218559504
    2      8.8193846   0.3270707428
    3      3.9340303   0.5785523057
    4      1.7998830   0.3357098699
     1     P         1
    1      0.6689941   1.0000000000
     1     P         1
    1      0.2713624   1.0000000000
     1     P         1
    1      0.1008379   1.0000000000
     1     D         5
    1    168.8536987   0.0089664003
    2     49.9779511   0.0620620586
    3     18.2749138   0.2147473246
    4      7.2455692   0.4033533633
    5      2.8562315   0.4220881164
     1     D         1
    1      1.0459621   1.0000000000
     1     D         1
    1      0.4510000   1.0000000000
****
-Kr  0
     1     S         8
    1 600251.0000000   0.0002374100
    2  89976.6484400   0.0018410200
    3  20476.8144500   0.0095795598
    4   5796.1552730   0.0390206501
    5   1887.5913090   0.1277264655
    6    679.1145630   0.3059652150
    7    264.3824463   0.4485747516
    8    104.8836823   0.2472295761
     1     S         4
    1    641.4736938  -0.0267452802
    2    199.5752411  -0.1257112324
    3     33.5454636   0.5648373365
    4     14.6839552   0.5597276688
     1     S         2
    1     22.6031017  -0.2529877126
    2      4.0650682   0.7099215984
     1     S         1
    1      1.9611027   1.0000000000
     1     S         1
    1      0.5246515   1.0000000000
     1     S         1
    1      0.1933240   1.0000000000
     1     P         6
    1   3232.9589840   0.0024885600
    2    765.9644165   0.0203790106
    3    246.3394012   0.0969771892
    4     92.3652802   0.2819996178
    5     37.1995087   0.4511625469
    6     15.1721668   0.2491713166
     1     P         4
    1     60.9313202  -0.0221736003
    2      9.4792604   0.3283846378
    3      4.2564688   0.5812499523
    4      1.9729314   0.3286354244
     1     P         1
    1      0.7633711   1.0000000000
     1     P         1
    1      0.3094363   1.0000000000
     1     P         1
    1      0.1156970   1.0000000000
     1     D         5
    1    186.4176025   0.0086120302
    2     55.2741241   0.0603944100
    3     20.2832184   0.2118133157
    4      8.0884533   0.4036629200
    5      3.2214034   0.4240286052
     1     D         1
    1      1.1952170   1.0000000000
     1     D         1
    1      0.3950000   1.0000000000
****
