-H 0
 1      S    4 
  1      402.0000000  0.0002790000000
  2      60.24000000  0.002165000000
  3      13.73000000  0.01120100000
  4      3.905000000  0.04487800000
 1      S    1 
  1      1.283000000  1.000000000
 1      S    1 
  1      0.4655000000  1.000000000
 1      S    1 
  1      0.1811000000  1.000000000
 1      S    1 
  1      0.07279000000  1.000000000
 1      P    1 
  1      4.516000000  1.000000000
 1      P    1 
  1      1.712000000  1.000000000
 1      P    1 
  1      0.6490000000  1.000000000
 1      P    1 
  1      0.2460000000  1.000000000
 1      D    1 
  1      2.950000000  1.000000000
 1      D    1 
  1      1.206000000  1.000000000
 1      D    1 
  1      0.4930000000  1.000000000
****

